0 7101 Lightsaber Duel
0 SetNumber: 7101
0 Name: Lightsaber Duel
0 Author: Kristopher Wilson
0 NumOfBricks:  58
1 6 -151.000000 -40.000000 100.000000 0.000000 0.000000 -1.000000 0.000000 1.000000 0.000000 1.000000 0.000000 0.000000 3815c01.dat
1 0 31.000000 -72.000000 100.000000 0.000000 0.000000 1.000000 0.000000 1.000000 0.000000 -1.000000 0.000000 0.000000 973ps8.dat
1 19 -151.000000 -72.000000 100.000000 0.000000 0.000000 -1.000000 0.000000 1.000000 0.000000 1.000000 0.000000 0.000000 973pr3.dat
1 0 31.000010 -63.124320 84.528220 0.000000 0.000000 1.000000 -0.170671 0.985328 0.000000 -0.985328 -0.170671 0.000000 3819.dat
1 0 31.000000 -63.092840 115.574600 0.000000 0.000000 1.000000 0.169703 0.985495 0.000000 -0.985495 0.169703 0.000000 3818.dat
1 0 21.500000 -45.216940 123.726500 -0.119998 0.696850 0.707107 0.048984 0.715542 -0.696850 -0.991565 -0.048984 -0.119998 3820.dat
1 0 21.000010 -45.256440 76.358840 0.120682 0.696732 0.707107 -0.049255 0.715638 -0.696732 -0.991469 0.049255 0.120682 3820.dat
1 19 -151.000000 -63.092840 84.425380 0.000000 0.000000 -1.000000 0.169703 0.985495 0.000000 0.985495 -0.169703 0.000000 3818.dat
1 19 -151.000000 -63.124320 115.471800 0.000001 0.000000 -1.000000 -0.170671 0.985328 0.000000 0.985328 0.170671 0.000001 3819.dat
1 14 -141.500000 -45.216940 76.273540 0.119999 -0.696850 -0.707107 0.048984 0.715542 -0.696850 0.991565 0.048984 0.119999 3820.dat
1 14 -141.000000 -45.256440 123.641200 -0.120682 -0.696732 -0.707107 -0.049255 0.715638 -0.696732 0.991469 -0.049255 -0.120682 3820.dat
1 0 30.998360 -74.002120 100.000000 0.000000 0.000000 1.000000 0.000000 1.000000 0.000000 -1.000000 0.000000 0.000000 522.dat
1 6 -150.998400 -74.002120 100.000000 0.000000 0.000000 -1.000000 0.000000 1.000000 0.000000 1.000000 0.000000 0.000000 522.dat
1 14 -151.000000 -96.000000 100.000000 0.000000 0.000000 -1.000000 0.000000 1.000000 0.000000 1.000000 0.000000 0.000000 3626bps9.dat
1 0 31.000000 -96.000000 100.000000 0.000000 0.000000 1.000000 0.000000 1.000000 0.000000 -1.000000 0.000000 0.000000 3626bps8.dat
1 0 31.000000 -96.000000 100.000000 0.000000 0.000000 1.000000 0.000000 1.000000 0.000000 -1.000000 0.000000 0.000000 30381.dat
1 6 -151.000000 -96.000000 100.000000 0.000000 0.000000 -1.000000 0.000000 1.000000 0.000000 1.000000 0.000000 0.000000 92756.dat
1 8 205.943300 -8.000000 127.538200 0.707107 0.000000 -0.707106 0.000000 1.000000 0.000000 0.707106 0.000000 0.707107 3021.dat
1 19 205.943300 -16.000000 127.538200 0.707107 0.000000 0.707107 0.000000 1.000000 0.000000 -0.707107 0.000000 0.707107 4598.dat
1 6 191.801200 -23.999990 113.396000 0.707107 0.000000 -0.707106 0.000000 1.000000 0.000000 0.707106 0.000000 0.707107 3021.dat
1 8 232.813400 -66.000000 154.408200 0.707106 0.707107 0.000000 0.000000 0.000000 -1.000000 -0.707107 0.707107 0.000000 3747a.dat
1 8 177.658800 -31.999990 99.253890 -0.707105 0.000000 -0.707106 0.000000 1.000000 0.000000 0.707106 0.000000 -0.707105 2342.dat
1 19 183.637600 -71.789560 105.232500 0.650059 -0.278253 -0.707106 0.393509 0.919321 0.000000 0.650058 -0.278253 0.707107 2555.dat
1 8 185.307200 -77.305480 106.902000 0.707107 0.000000 0.707107 0.000000 1.000000 0.000000 -0.707107 0.000000 0.707107 30031.dat
1 383 -3.762540 -49.353060 126.579400 -0.077211 0.850431 0.520390 -0.021714 0.520390 -0.853653 -0.996778 -0.077211 -0.021714 577b.dat
1 383 -116.237500 -49.353070 73.420610 0.077211 -0.850431 -0.520390 -0.021714 0.520390 -0.853653 0.996778 0.077211 0.021714 577b.dat
1 36 -71.797050 -90.984260 132.756300 -0.077211 0.850431 0.520390 -0.021714 0.520390 -0.853653 -0.996778 -0.077211 -0.021714 30374.dat
1 42 -48.203080 -90.984260 67.243730 0.077211 -0.850431 -0.520390 -0.021714 0.520390 -0.853653 0.996778 0.077211 0.021714 30374.dat
1 19 -320.000000 -8.000000 120.000000 1.000000 0.000000 0.000000 0.000000 1.000000 0.000000 0.000000 0.000000 1.000000 3958.dat
1 8 -320.000000 -32.000000 120.000000 1.000000 0.000000 0.000000 0.000000 1.000000 0.000000 0.000000 0.000000 1.000000 3003.dat
1 19 -320.000000 -56.000000 120.000000 1.000000 0.000000 0.000000 0.000000 1.000000 0.000000 0.000000 0.000000 1.000000 3003.dat
1 7 -330.000000 -64.000000 130.000000 -1.000000 0.000000 0.000000 0.000000 1.000000 0.000000 0.000000 0.000000 -1.000000 6019.dat
1 7 -310.000000 -64.000000 130.000000 -1.000000 0.000000 0.000000 0.000000 1.000000 0.000000 0.000000 0.000000 -1.000000 6019.dat
1 7 -330.000000 -64.000000 110.000000 1.000000 0.000000 0.000000 0.000000 1.000000 0.000000 0.000000 0.000000 1.000000 6019.dat
1 7 -310.000000 -64.000000 110.000000 1.000000 0.000000 0.000000 0.000000 1.000000 0.000000 0.000000 0.000000 1.000000 6019.dat
1 19 -320.000000 -88.000000 120.000000 1.000000 0.000000 0.000000 0.000000 1.000000 0.000000 0.000000 0.000000 1.000000 3003.dat
1 19 -320.000000 -112.000000 120.000000 1.000000 0.000000 0.000000 0.000000 1.000000 0.000000 0.000000 0.000000 1.000000 3941.dat
1 19 -330.000100 -136.000000 130.000000 0.000000 0.000000 1.000000 0.000000 1.000000 0.000000 -1.000000 0.000000 0.000000 4070.dat
1 19 -330.000000 -136.000000 110.000000 0.000000 0.000000 1.000000 0.000000 1.000000 0.000000 -1.000000 0.000000 0.000000 4070.dat
1 19 -310.000000 -136.000000 130.000000 0.000000 0.000000 -1.000000 0.000000 1.000000 0.000000 1.000000 0.000000 0.000000 4070.dat
1 19 -310.000000 -136.000000 110.000000 0.000000 0.000000 -1.000000 0.000000 1.000000 0.000000 1.000000 0.000000 0.000000 4070.dat
1 8 -344.000000 -126.000000 120.000000 0.000000 1.000000 0.000000 0.000000 0.000000 -1.000000 -1.000000 0.000000 0.000000 3794a.dat
1 8 -296.000000 -126.000000 120.000000 0.000000 -1.000000 0.000000 0.000000 0.000000 -1.000000 1.000000 0.000000 0.000000 3794a.dat
1 6 -319.750000 -52.000000 89.999980 0.000000 -1.000000 0.000000 1.000000 0.000000 0.000000 0.000000 0.000000 1.000000 6016.dat
1 8 -319.750000 -52.000000 150.000000 0.000000 1.000000 0.000000 -1.000000 0.000000 0.000000 0.000000 0.000000 1.000000 6016.dat
1 7 -330.000000 -144.000000 130.000000 -1.000000 0.000000 0.000000 0.000000 1.000000 0.000000 0.000000 0.000000 -1.000000 6019.dat
1 7 -310.000000 -144.000000 130.000000 -1.000000 0.000000 0.000000 0.000000 1.000000 0.000000 0.000000 0.000000 -1.000000 6019.dat
1 7 -330.000000 -144.000000 109.999900 1.000000 0.000000 0.000000 0.000000 1.000000 0.000000 0.000000 0.000000 1.000000 6019.dat
1 7 -310.000000 -144.000000 109.999900 1.000000 0.000000 0.000000 0.000000 1.000000 0.000000 0.000000 0.000000 1.000000 6019.dat
1 7 -272.000000 -126.000000 120.000000 0.000000 -1.000000 0.000000 0.000000 0.000000 1.000000 -1.000000 0.000000 0.000000 4599a.dat
1 7 -368.000000 -126.000000 120.000000 0.000000 1.000000 0.000000 0.000000 0.000000 1.000000 1.000000 0.000000 0.000000 4599a.dat
1 7 -320.000100 -192.000000 119.999900 0.000000 0.000000 1.000000 0.000000 1.000000 0.000000 -1.000000 0.000000 0.000000 4599a.dat
1 8 -319.750000 -132.000000 89.999950 0.000000 -1.000000 0.000000 1.000000 0.000000 0.000000 0.000000 0.000000 1.000000 6016.dat
1 19 -320.000000 -168.000000 119.999900 1.000000 0.000000 0.000000 0.000000 1.000000 0.000000 0.000000 0.000000 1.000000 3003.dat
1 6 -319.750000 -132.000000 150.000000 0.000000 1.000000 0.000000 -1.000000 0.000000 0.000000 0.000000 0.000000 1.000000 6016.dat
1 0 31.000000 -40.000000 100.000000 0.000000 0.000000 1.000000 0.000000 1.000000 0.000000 -1.000001 0.000000 0.000000 3815.dat
1 0 31.000060 -28.000020 100.000000 -0.000001 0.000000 1.000002 -0.000001 1.000000 0.000000 -1.000002 -0.000001 -0.000001 3816.dat
1 0 31.000020 -28.000010 99.999870 -0.000001 0.000000 1.000002 -0.000001 1.000000 0.000000 -1.000000 -0.000001 -0.000001 3817.dat
