0 7110 Landspeeder
0 SetNumber: 7110
0 Name: Landspeeder
0 Author: Kristopher Wilson
0 NumOfBricks:  59
1 14 -240.000000 -16.000000 -69.000000 1.000000 0.000000 0.000000 0.000000 1.000000 0.000000 0.000000 0.000000 1.000000 3626bps3.dat
1 14 -160.000000 -16.000000 -69.000000 1.000000 0.000000 0.000000 0.000000 1.000000 0.000000 0.000000 0.000000 1.000000 3626bps4.dat
1 7 -160.000000 -16.000000 -69.000000 1.000000 0.000000 0.000000 0.000000 1.000000 0.000000 0.000000 0.000000 1.000000 3901.dat
1 19 -240.000000 -16.000000 -69.000000 1.000000 0.000000 0.000000 0.000000 1.000000 0.000000 0.000000 0.000000 1.000000 3901.dat
1 19 -160.000000 8.000000 -69.000000 1.000000 0.000000 0.000000 0.000000 1.000000 0.000000 0.000000 0.000000 1.000000 973ps6.dat
1 15 -240.000000 8.000000 -69.000000 1.000000 0.000000 0.000000 0.000000 1.000000 0.000000 0.000000 0.000000 1.000000 973ps3.dat
1 19 -144.528200 16.875680 -69.000000 0.985328 0.170671 0.000000 -0.170671 0.985328 0.000000 0.000000 0.000000 1.000000 3819.dat
1 19 -175.574600 16.907160 -69.000000 0.985495 -0.169703 0.000000 0.169703 0.985495 0.000000 0.000000 0.000000 1.000000 3818.dat
1 15 -255.574600 16.907170 -69.000000 0.985495 -0.169703 0.000000 0.169703 0.985495 0.000000 0.000000 0.000000 1.000000 3818.dat
1 15 -224.528200 16.875680 -69.000000 0.985328 0.170671 0.000000 -0.170671 0.985328 0.000000 0.000000 0.000000 1.000000 3819.dat
1 14 -263.726500 34.783060 -78.500000 0.991565 0.048984 0.119998 0.048984 0.715542 -0.696850 -0.119998 0.696850 0.707107 3820.dat
1 14 -216.358800 34.743560 -79.000000 0.991469 -0.049255 -0.120682 -0.049255 0.715638 -0.696732 0.120682 0.696732 0.707107 3820.dat
1 14 -183.726500 34.783060 -78.500000 0.991565 0.048984 0.119998 0.048984 0.715542 -0.696850 -0.119998 0.696850 0.707107 3820.dat
1 14 -136.358800 34.743560 -79.000000 0.991469 -0.049255 -0.120682 -0.049255 0.715638 -0.696732 0.120682 0.696732 0.707107 3820.dat
1 19 80.000000 72.000000 -80.000000 1.000000 0.000000 0.000000 0.000000 1.000000 0.000000 0.000000 0.000000 1.000000 3028.dat
1 8 190.000000 48.000000 -80.000000 0.000000 0.000000 1.000000 0.000000 1.000000 0.000000 -1.000000 0.000000 0.000000 3008.dat
1 0 160.000000 48.000000 -30.000000 1.000000 0.000000 0.000000 0.000000 1.000000 0.000000 0.000000 0.000000 1.000000 3700.dat
1 0 160.000000 48.000000 -130.000000 1.000000 0.000000 0.000000 0.000000 1.000000 0.000000 0.000000 0.000000 1.000000 3700.dat
1 19 130.000000 48.000000 -80.000010 0.000000 0.000000 1.000000 0.000000 1.000000 0.000000 -1.000000 0.000000 0.000000 3009.dat
1 4 160.000000 58.000000 -12.000000 0.000000 0.000000 -1.000000 1.000000 0.000000 0.000000 0.000000 -1.000000 0.000000 2476a.dat
1 4 160.000000 58.000000 -148.000000 0.000000 0.000000 1.000000 1.000000 0.000000 0.000000 0.000000 1.000000 0.000000 2476a.dat
1 4 100.000000 48.000000 -30.000000 1.000000 0.000000 0.000000 0.000000 1.000000 0.000000 0.000000 0.000000 1.000000 4865a.dat
1 4 60.000000 48.000000 -30.000000 1.000000 0.000000 0.000000 0.000000 1.000000 0.000000 0.000000 0.000000 1.000000 4865a.dat
1 4 100.000000 48.000000 -130.000000 -1.000000 0.000000 0.000000 0.000000 1.000000 0.000000 0.000000 0.000000 -1.000000 4865a.dat
1 4 60.000000 48.000000 -130.000000 -1.000000 0.000000 0.000000 0.000000 1.000000 0.000000 0.000000 0.000000 -1.000000 4865a.dat
1 4 30.000000 48.000000 -30.000000 1.000000 0.000000 0.000000 0.000000 1.000000 0.000000 0.000000 0.000000 1.000000 3005.dat
1 4 30.000000 48.000000 -130.000000 1.000000 0.000000 0.000000 0.000000 1.000000 0.000000 0.000000 0.000000 1.000000 3005.dat
1 19 -50.000000 72.000000 -90.000000 -1.000000 0.000000 0.000000 0.000000 1.000000 0.000000 0.000000 0.000000 -1.000000 30357.dat
1 19 -50.000000 72.000000 -70.000000 0.000000 0.000000 -1.000000 0.000000 1.000000 0.000000 1.000000 0.000000 0.000000 30357.dat
1 7 0.000000 48.000000 -30.000000 -1.000000 0.000000 0.000000 0.000000 1.000000 0.000000 0.000000 0.000000 -1.000000 2877.dat
1 7 -39.999980 48.000000 -30.000000 -1.000000 0.000000 0.000000 0.000000 1.000000 0.000000 0.000000 0.000000 -1.000000 2877.dat
1 7 0.000000 48.000000 -130.000000 1.000000 0.000000 0.000000 0.000000 1.000000 0.000000 0.000000 0.000000 1.000000 2877.dat
1 7 -40.000020 48.000000 -130.000000 1.000000 0.000000 0.000000 0.000000 1.000000 0.000000 0.000000 0.000000 1.000000 2877.dat
1 7 -70.000010 48.000000 -110.000000 0.000000 0.000000 1.000000 0.000000 1.000000 0.000000 -1.000000 0.000000 0.000000 3063b.dat
1 7 -70.000000 48.000000 -49.999980 -1.000000 0.000000 0.000000 0.000000 1.000000 0.000000 0.000000 0.000000 -1.000000 3063b.dat
1 8 -20.000000 48.000000 -79.999980 1.000000 0.000000 0.000000 0.000000 1.000000 0.000000 0.000000 0.000000 1.000000 3007.dat
1 4 70.000000 64.000000 -60.000000 0.000000 0.000000 1.000000 0.000000 1.000000 0.000000 -1.000000 0.000000 0.000000 3794a.dat
1 4 70.000010 64.000000 -100.000000 0.000000 0.000000 1.000000 0.000000 1.000000 0.000000 -1.000000 0.000000 0.000000 3794a.dat
1 4 90.000010 64.000000 -60.000000 0.000000 0.000000 1.000000 0.000000 1.000000 0.000000 -1.000000 0.000000 0.000000 3794a.dat
1 4 90.000010 64.000000 -100.000000 0.000000 0.000000 1.000000 0.000000 1.000000 0.000000 -1.000000 0.000000 0.000000 3794a.dat
1 19 -50.000000 40.000000 -70.000000 0.000000 0.000000 -1.000000 0.000000 1.000000 0.000000 1.000000 0.000000 0.000000 30357.dat
1 19 -50.000000 40.000000 -90.000000 -1.000000 0.000000 0.000000 0.000000 1.000000 0.000000 0.000000 0.000000 -1.000000 30357.dat
1 19 160.000000 40.000000 -80.000000 0.000000 0.000000 1.000000 0.000000 1.000000 0.000000 -1.000000 0.000000 0.000000 3032.dat
1 19 -30.000030 40.000000 -80.000010 0.000000 0.000000 1.000000 0.000000 1.000000 0.000000 -1.000000 0.000000 0.000000 3666.dat
1 4 160.000000 32.000000 -80.000010 1.000000 0.000000 0.000000 0.000000 1.000000 0.000000 0.000000 0.000000 1.000000 3020.dat
1 19 180.000000 24.000000 -80.000020 0.000000 0.000000 1.000000 0.000000 1.000000 0.000000 -1.000000 0.000000 0.000000 30358.dat
1 19 160.000000 58.000000 -4.000000 0.000000 0.000000 1.000000 -1.000000 0.000000 0.000000 0.000000 -1.000000 0.000000 30358.dat
1 19 160.000000 58.000000 -156.000000 0.000000 0.000000 1.000000 1.000000 0.000000 0.000000 0.000000 1.000000 0.000000 30358.dat
1 0 80.000010 56.000000 -50.000020 0.000000 0.000000 1.000000 0.000000 1.000000 0.000000 -1.000000 0.000000 0.000000 4079.dat
1 0 80.000020 56.000000 -110.000000 0.000000 0.000000 1.000000 0.000000 1.000000 0.000000 -1.000000 0.000000 0.000000 4079.dat
1 19 19.999990 40.000000 -80.000010 0.000000 0.000000 1.000000 0.000000 1.000000 0.000000 -1.000000 0.000000 0.000000 3032.dat
1 47 49.999980 16.000000 -80.000020 0.000000 0.000000 1.000000 0.000000 1.000000 0.000000 -1.000000 0.000000 0.000000 3939.dat
1 8 -10.000010 32.000000 -120.000000 0.000000 0.000000 1.000000 0.000000 1.000000 0.000000 -1.000000 0.000000 0.000000 2412b.dat
1 383 -186.464400 31.421780 -102.496300 0.996778 0.077211 0.021714 -0.021714 0.520390 -0.853653 -0.077211 0.850431 0.520390 577b.dat
1 43 -186.464400 31.421780 -102.496300 0.996778 -0.077211 -0.021714 -0.021714 -0.520390 0.853653 -0.077211 -0.850431 -0.520390 30374.dat
1 15 -240.000000 40.000000 -69.000000 1.000000 0.000000 0.000000 0.000000 1.000000 0.000000 0.000000 0.000000 1.000000 73200ps0.dat
0 STEP
1 19 -160.000000 52.000000 -69.000030 1.000000 0.000000 0.000000 0.000000 1.000000 0.000000 0.000000 0.000000 1.000000 3817.dat
1 19 -160.000000 52.000020 -69.000020 1.000000 0.000000 0.000000 0.000000 1.000000 -0.000001 0.000000 0.000000 1.000000 3816.dat
1 6 -160.000000 40.000000 -69.000000 1.000000 0.000000 0.000000 0.000000 1.000000 -0.000001 0.000000 0.000000 1.000000 3815.dat
0 STEP
