0 7121 Naboo Swamp
0 SetNumber: 7121
0 Name: Naboo Swamp
0 Author: Kristopher Wilson
0 NumOfBricks: 90
1 6 -160.000000 -40.000000 -69.000000 1.000000 0.000000 0.000000 0.000000 1.000000 0.000000 0.000000 0.000000 1.000000 3815c01.dat
1 8 -39.999980 -40.000000 -69.000000 1.000000 0.000000 0.000000 0.000000 1.000000 0.000000 0.000000 0.000000 1.000000 3815c01.dat
1 19 -160.000000 -72.000000 -69.000000 1.000000 0.000000 0.000000 0.000000 1.000000 0.000000 0.000000 0.000000 1.000000 973pr3.dat
1 19 -39.999980 -72.000000 -69.000000 1.000000 0.000000 0.000000 0.000000 1.000000 0.000000 0.000000 0.000000 1.000000 973pr6.dat
1 19 -144.528200 -63.124320 -69.000000 0.985328 0.170671 0.000000 -0.170671 0.985328 0.000000 0.000000 0.000000 1.000000 3819.dat
1 19 -24.528180 -63.124320 -69.000000 0.985328 0.170671 0.000000 -0.170671 0.985328 0.000000 0.000000 0.000000 1.000000 3819.dat
1 19 -55.574600 -63.092840 -69.000000 0.985495 -0.169703 0.000000 0.169703 0.985495 0.000000 0.000000 0.000000 1.000000 3818.dat
1 19 -175.574600 -63.092840 -69.000000 0.985495 -0.169703 0.000000 0.169703 0.985495 0.000000 0.000000 0.000000 1.000000 3818.dat
1 19 -63.726440 -45.216940 -78.500000 0.991565 0.048984 0.119998 0.048984 0.715542 -0.696850 -0.119998 0.696850 0.707107 3820.dat
1 19 -16.358800 -45.256440 -79.000000 0.991469 -0.049255 -0.120682 -0.049255 0.715638 -0.696732 0.120682 0.696732 0.707107 3820.dat
1 14 -183.726400 -45.216940 -78.500000 0.991565 0.048984 0.119998 0.048984 0.715542 -0.696850 -0.119998 0.696850 0.707107 3820.dat
1 14 -136.358800 -45.256440 -79.000000 0.991469 -0.049255 -0.120682 -0.049255 0.715638 -0.696732 0.120682 0.696732 0.707107 3820.dat
1 6 -160.000000 -74.002120 -69.001640 1.000000 0.000000 0.000000 0.000000 1.000000 0.000000 0.000000 0.000000 1.000000 522.dat
1 14 -160.000000 -97.850000 -69.000000 1.000000 0.000000 0.000000 0.000000 1.000000 0.000000 0.000000 0.000000 1.000000 3626bps9.dat
1 19 -39.999980 -72.000000 -69.000000 1.000000 0.000000 0.000000 0.000000 1.000000 0.000000 0.000000 0.000000 1.000000 30371.dat
1 19 171.020000 -138.666900 122.128900 1.000000 0.000000 0.000000 0.000000 0.993966 0.109733 0.000000 -0.109733 0.993958 30376.dat
1 19 170.910000 -176.437500 126.299700 1.000000 0.000000 0.000000 0.000000 0.993961 0.109733 0.000000 -0.109733 0.993961 30375.dat
1 19 155.410000 -208.244100 129.811100 1.000000 0.000000 0.000000 0.000000 0.258821 0.965925 0.000000 -0.965925 0.258821 30377.dat
1 19 186.410000 -208.244100 129.811100 1.000000 0.000000 0.000000 0.000000 0.258821 0.965925 0.000000 -0.965925 0.258821 30377.dat
1 19 170.930000 -208.244200 129.811500 1.000000 0.000000 0.000000 0.000000 0.993961 0.109733 0.000000 -0.109733 0.993961 30378.dat
1 19 170.910000 -192.185800 143.129400 0.000000 0.000000 -1.000000 0.993961 -0.109733 0.000000 -0.109733 -0.993961 0.000000 3023.dat
1 47 170.000000 -156.000000 80.000020 1.000000 0.000000 0.000000 0.000000 0.000000 -1.000000 0.000000 1.000000 0.000000 30359a.dat
1 6 170.000000 -186.000000 80.000020 0.000000 0.000000 -1.000000 -1.000000 0.000000 0.000000 0.000000 1.000000 0.000000 4733.dat
1 6 170.000000 -112.000100 90.000000 -1.000000 0.000000 0.000000 0.000000 -1.000000 0.000000 0.000000 0.000000 1.000000 30259.dat
1 6 170.000000 -156.000000 72.000020 0.000000 0.000000 -1.000000 -1.000000 0.000000 0.000000 0.000000 1.000000 0.000000 3710.dat
1 6 170.000000 -166.000000 64.000020 0.000000 0.000000 -1.000000 -1.000000 0.000000 0.000000 0.000000 1.000000 0.000000 3623.dat
1 47 170.000000 -16.000000 90.000000 1.000000 0.000000 0.000000 0.000000 1.000000 0.000000 0.000000 0.000000 1.000000 3960.dat
1 0 193.650000 -186.000000 90.000030 0.000000 -1.000000 0.000000 1.000000 0.000000 0.000000 0.000000 0.000000 1.000000 4349.dat
1 0 145.430000 -186.000000 90.000030 0.000000 1.000000 0.000000 -1.000000 0.000000 0.000000 0.000000 0.000000 1.000000 4349.dat
1 6 170.000000 -204.000000 90.000030 0.000000 0.000000 1.000000 0.000000 1.000000 0.000000 -1.000000 0.000000 0.000000 2555.dat
1 8 170.410000 -212.000000 70.000020 -1.000000 0.000000 0.000000 0.000000 1.000000 0.000000 0.000000 0.000000 -1.000000 2540.dat
1 6 180.410000 -220.000000 70.000020 -1.000000 0.000000 0.000000 0.000000 1.000000 0.000000 0.000000 0.000000 -1.000000 2555.dat
1 6 160.410000 -220.000000 70.000020 -1.000000 0.000000 0.000000 0.000000 1.000000 0.000000 0.000000 0.000000 -1.000000 2555.dat
1 8 180.410000 -226.000000 4.280000 -1.000000 0.000000 0.000000 0.000000 0.000000 1.000000 0.000000 1.000000 0.000000 30374.dat
1 8 160.410000 -226.000000 4.280000 -1.000000 0.000000 0.000000 0.000000 0.000000 1.000000 0.000000 1.000000 0.000000 30374.dat
1 19 291.020000 -138.510400 123.709300 1.000000 0.000000 0.000000 0.000000 0.996195 0.087154 0.000000 -0.087154 0.996195 30376.dat
1 19 290.910000 -176.365600 127.022000 1.000000 0.000000 0.000000 0.000000 0.996188 0.087155 0.000000 -0.087154 0.996198 30375.dat
1 19 275.410000 -208.243600 129.811000 1.000000 0.000000 0.000000 0.000000 0.258820 0.965923 0.000000 -0.965925 0.258821 30377.dat
1 19 306.410000 -208.243600 129.811000 1.000000 0.000000 0.000000 0.000000 0.258820 0.965923 0.000000 -0.965925 0.258821 30377.dat
1 19 290.930000 -208.243300 129.811000 1.000000 0.000000 0.000000 0.000000 0.996188 0.087155 0.000000 -0.087154 0.996198 30378.dat
1 19 290.910000 -192.491600 143.490100 0.000000 0.000000 -1.000000 0.996188 -0.087155 0.000000 -0.087154 -0.996198 0.000000 3023.dat
1 47 290.000000 -155.999800 79.999980 1.000000 0.000000 0.000000 0.000000 0.000001 -0.999998 0.000000 1.000000 0.000000 30359a.dat
1 6 290.000000 -185.999800 79.999980 0.000000 0.000000 -1.000000 -0.999998 0.000001 0.000000 0.000000 1.000000 0.000000 4733.dat
1 6 290.000000 -111.999900 89.999970 -1.000000 0.000000 0.000000 0.000000 -0.999998 0.000001 0.000000 0.000000 1.000000 30259.dat
1 6 290.000000 -155.999800 71.999980 0.000000 0.000000 -1.000000 -0.999998 0.000001 0.000000 0.000000 1.000000 0.000000 3710.dat
1 6 290.000000 -165.999800 64.000000 0.000000 0.000000 -1.000000 -0.999998 0.000001 0.000000 0.000000 1.000000 0.000000 3623.dat
1 47 290.000000 -16.000020 89.999980 1.000000 0.000000 0.000000 0.000000 0.999998 0.000001 0.000000 0.000000 1.000000 3960.dat
1 0 313.650000 -185.999800 89.999980 0.000000 -1.000000 0.000000 0.999998 0.000000 0.000001 0.000000 0.000000 1.000000 4349.dat
1 0 265.430000 -185.999800 89.999980 0.000000 1.000000 0.000000 -0.999998 0.000000 0.000001 0.000000 0.000000 1.000000 4349.dat
1 6 290.000000 -203.999700 89.999980 0.000000 0.000000 1.000000 -0.000001 0.999998 0.000000 -1.000000 0.000000 0.000000 2555.dat
1 8 290.410000 -211.999600 70.000000 -1.000000 0.000000 0.000000 0.000000 0.999998 -0.000001 0.000000 0.000000 -1.000000 2540.dat
1 6 300.410000 -219.999500 70.000000 -1.000000 0.000000 0.000000 0.000000 0.999998 -0.000001 0.000000 0.000000 -1.000000 2555.dat
1 6 280.410000 -219.999500 70.000000 -1.000000 0.000000 0.000000 0.000000 0.999998 -0.000001 0.000000 0.000000 -1.000000 2555.dat
1 8 300.410000 -225.999600 4.279970 -1.000000 0.000000 0.000000 0.000000 0.000000 0.999998 0.000000 1.000000 0.000000 30374.dat
1 8 280.410000 -225.999600 4.279970 -1.000000 0.000000 0.000000 0.000000 0.000000 0.999998 0.000000 1.000000 0.000000 30374.dat
1 1 -100.000000 -8.000000 100.000000 1.000000 0.000000 0.000000 0.000000 1.000000 0.000000 0.000000 0.000000 1.000000 3027.dat
1 6 40.000020 -32.000000 120.000000 0.000000 0.000000 1.000000 0.000000 1.000000 0.000000 -1.000000 0.000000 0.000000 3001.dat
1 6 -220.000000 -32.000000 140.000000 -1.000000 0.000000 0.000000 0.000000 1.000000 0.000000 0.000000 0.000000 -1.000000 3001.dat
1 6 -240.000000 -32.000000 80.000000 0.000000 0.000000 1.000000 0.000000 1.000000 0.000000 -1.000000 0.000000 0.000000 3001.dat
1 6 -20.000000 -32.000000 140.000000 -1.000000 0.000000 0.000000 0.000000 1.000000 0.000000 0.000000 0.000000 -1.000000 3001.dat
1 6 -200.000000 -56.000000 150.000000 1.000000 0.000000 0.000000 0.000000 1.000000 0.000000 0.000000 0.000000 1.000000 3004.dat
1 6 0.000010 -56.000000 150.000000 1.000000 0.000000 0.000000 0.000000 1.000000 0.000000 0.000000 0.000000 1.000000 3004.dat
1 2 -230.000000 -56.000000 120.000000 0.000000 0.000000 1.000000 0.000000 1.000000 0.000000 -1.000000 0.000000 0.000000 3010.dat
1 2 0.000010 -56.000000 130.000000 -1.000000 0.000000 0.000000 0.000000 1.000000 0.000000 0.000000 0.000000 -1.000000 3010.dat
1 6 -250.000000 -56.000000 120.000000 0.000000 0.000000 1.000000 0.000000 1.000000 0.000000 -1.000000 0.000000 0.000000 3004.dat
1 2 -240.000000 -80.000000 120.000000 1.000000 0.000000 0.000000 0.000000 1.000000 0.000000 0.000000 0.000000 1.000000 3003.dat
1 2 0.000010 -80.000000 140.000000 1.000000 0.000000 0.000000 0.000000 1.000000 0.000000 0.000000 0.000000 1.000000 3003.dat
1 8 -250.000000 -104.000000 120.000000 0.000000 0.000000 1.000000 0.000000 1.000000 0.000000 -1.000000 0.000000 0.000000 30237.dat
1 8 -0.000010 -104.000000 130.000000 1.000000 0.000000 0.000000 0.000000 1.000000 0.000000 0.000000 0.000000 1.000000 30237.dat
1 6 0.000010 -104.000000 150.000000 1.000000 0.000000 0.000000 0.000000 1.000000 0.000000 0.000000 0.000000 1.000000 3004.dat
1 6 -230.000000 -104.000000 120.000000 0.000000 0.000000 1.000000 0.000000 1.000000 0.000000 -1.000000 0.000000 0.000000 3004.dat
1 2 -240.000000 -128.000000 120.000000 1.000000 0.000000 0.000000 0.000000 1.000000 0.000000 0.000000 0.000000 1.000000 3003.dat
1 2 0.000010 -128.000000 140.000000 1.000000 0.000000 0.000000 0.000000 1.000000 0.000000 0.000000 0.000000 1.000000 3003.dat
1 6 -240.000000 -152.000000 130.000000 1.000000 0.000000 0.000000 0.000000 1.000000 0.000000 0.000000 0.000000 1.000000 3004.dat
1 6 10.000020 -152.000000 140.000000 0.000000 0.000000 1.000000 0.000000 1.000000 0.000000 -1.000000 0.000000 0.000000 3004.dat
1 8 -240.000000 -152.000000 110.000000 1.000000 0.000000 0.000000 0.000000 1.000000 0.000000 0.000000 0.000000 1.000000 30237.dat
1 8 -10.000000 -152.000000 140.000000 0.000000 0.000000 1.000000 0.000000 1.000000 0.000000 -1.000000 0.000000 0.000000 30237.dat
1 2 -240.000000 -176.000000 120.000000 1.000000 0.000000 0.000000 0.000000 1.000000 0.000000 0.000000 0.000000 1.000000 3003.dat
1 2 0.000020 -176.000000 140.000000 1.000000 0.000000 0.000000 0.000000 1.000000 0.000000 0.000000 0.000000 1.000000 3003.dat
1 2 -270.000000 -129.000000 116.000000 0.000000 0.000000 1.000000 0.000000 -1.000000 0.000000 1.000000 0.000000 0.000000 30093.dat
1 2 -243.000000 -180.000000 90.000000 1.000000 0.000000 0.000000 0.000000 -1.000000 0.000000 0.000000 0.000000 -1.000000 30093.dat
1 2 -29.999940 -177.010000 144.000000 0.000000 0.000000 -1.000000 0.000000 -1.000000 0.000000 -1.000000 0.000000 0.000000 30093.dat
1 2 -4.000010 -130.570000 110.000000 1.000000 0.000000 0.000000 0.000000 -1.000000 0.000000 0.000000 0.000000 -1.000000 30093.dat
1 2 -130.000000 -58.000000 130.000000 0.000000 0.000000 1.000000 0.000000 1.000000 0.000000 -1.000000 0.000000 0.000000 2488.dat
1 2 -153.395600 -58.000000 45.721260 -0.642788 0.000000 0.766045 0.000000 1.000000 0.000000 -0.766045 0.000000 -0.642788 2488.dat
1 2 67.357730 -58.000000 48.084810 -0.819152 0.000000 0.573577 0.000000 1.000000 0.000000 -0.573577 0.000000 -0.819152 2488.dat
1 462 -9.999990 -8.000000 70.000000 0.819152 0.000000 0.573577 0.000000 1.000000 0.000000 -0.573577 0.000000 0.819152 30218-f1.dat
1 6 -160.000000 -97.850000 -69.000000 1.000000 0.000000 0.000000 0.000000 1.000000 0.000000 0.000000 0.000000 1.000000 92756.dat
1 383 -186.579400 -49.353060 -103.762600 0.996778 0.077211 0.021714 -0.021714 0.520390 -0.853653 -0.077211 0.850431 0.520390 577b.dat
1 42 -192.756200 -90.984240 -171.797000 0.996778 0.077211 0.021714 -0.021714 0.520390 -0.853653 -0.077211 0.850431 0.520390 30374.dat
