0 7128 Speeder Bikes
0 SetNumber: 7128
0 Name: Speeder Bikes
0 Author: Kristopher Wilson
0 NumOfBricks:  109
1 0 281.987500 -24.000000 -102.227100 1.000000 0.000000 0.000000 0.000000 1.000000 0.000000 0.000000 0.000000 1.000000 3815c01.dat
1 8 281.987500 -56.000000 -102.227100 1.000000 0.000000 0.000000 0.000000 1.000000 0.000000 0.000000 0.000000 1.000000 973psm.dat
1 0 297.459300 -47.124320 -102.227100 0.985328 0.170671 0.000001 -0.170671 0.985328 0.000000 -0.000001 0.000000 1.000000 3819.dat
1 0 266.412900 -47.092840 -102.227100 0.985495 -0.169703 0.000000 0.169703 0.985495 0.000000 0.000000 0.000000 1.000000 3818.dat
1 14 305.628700 -29.256440 -112.227100 0.991469 -0.049255 -0.120682 -0.049255 0.715638 -0.696732 0.120682 0.696732 0.707107 3820.dat
1 0 258.261000 -29.216940 -111.727100 0.991565 0.048984 0.119999 0.048984 0.715542 -0.696850 -0.119999 0.696851 0.707107 3820.dat
1 14 281.987500 -80.000000 -102.227100 1.000000 0.000000 0.000000 0.000000 1.000000 0.000000 0.000000 0.000000 1.000000 3626bps3.dat
1 19 281.987500 -80.000000 -102.227100 1.000000 0.000000 0.000000 0.000000 1.000000 0.000000 0.000000 0.000000 1.000000 3901.dat
1 10 261.987500 8.000000 26.772760 1.000000 0.000000 0.000000 0.000000 1.000000 0.000000 0.000000 0.000000 1.000000 3030.dat
1 6 221.987000 -16.000000 26.772870 0.000000 0.000000 1.000002 0.000000 1.000000 0.000000 -1.000002 0.000000 0.000000 3001.dat
1 6 251.987100 -16.000000 36.772870 0.000000 0.000000 1.000002 0.000000 1.000000 0.000000 -1.000002 0.000000 0.000000 2357.dat
1 6 191.987000 -16.000000 36.772870 -1.000002 0.000000 0.000000 0.000000 1.000000 0.000000 0.000000 0.000000 -1.000002 2357.dat
1 6 211.987000 -40.000000 36.772870 -1.000002 0.000000 0.000000 0.000000 1.000000 0.000000 0.000000 0.000000 -1.000002 2357.dat
1 6 231.987000 -40.000000 36.772870 0.000000 0.000000 1.000003 0.000000 1.000000 0.000000 -1.000003 0.000000 0.000000 2357.dat
1 6 231.987000 -64.000000 36.772870 -1.000003 0.000000 0.000000 0.000000 1.000000 0.000000 0.000000 0.000000 -1.000003 2357.dat
1 2 211.754300 -64.000000 16.693770 -0.765883 0.000000 0.642984 0.000000 1.000000 0.000000 -0.642984 0.000000 -0.765883 30176.dat
1 6 211.987000 -88.000000 36.772870 0.000000 0.000000 1.000002 0.000000 1.000000 0.000000 -1.000002 0.000000 0.000000 2357.dat
1 2 232.066100 -88.000000 16.540270 0.642984 0.000000 0.765883 0.000000 1.000000 0.000000 -0.765883 0.000000 0.642984 30176.dat
1 6 211.987000 -112.000000 16.772870 1.000003 0.000000 0.000000 0.000000 1.000000 0.000000 0.000000 0.000000 1.000003 2357.dat
1 2 232.219600 -112.000000 36.851970 0.765883 0.000000 -0.642984 0.000000 1.000000 0.000000 0.642984 0.000000 0.765883 30176.dat
1 6 231.987000 -136.000000 16.772870 0.000000 0.000000 -1.000002 0.000000 1.000000 0.000000 1.000002 0.000000 0.000000 2357.dat
1 2 211.907900 -136.000000 37.005480 -0.642984 0.000000 -0.765883 0.000000 1.000000 0.000000 0.765883 0.000000 -0.642984 30176.dat
1 0 221.987000 -144.000000 36.772870 1.000002 0.000000 0.000000 0.000000 1.000000 0.000000 0.000000 0.000000 1.000002 3794a.dat
1 0 221.987000 -144.000000 16.772870 1.000002 0.000000 0.000000 0.000000 1.000000 0.000000 0.000000 0.000000 1.000002 3794a.dat
1 2 221.987000 -160.000000 26.772870 1.000002 0.000000 0.000000 0.000000 1.000000 0.000000 0.000000 0.000000 1.000002 30239.dat
1 42 255.408100 -33.353070 -136.989700 0.996779 -0.077211 -0.021714 -0.021714 -0.520390 0.853653 -0.077211 -0.850431 -0.520390 30374.dat
1 383 255.408100 -33.353070 -136.989700 0.996779 0.077211 0.021714 -0.021714 0.520390 -0.853653 -0.077211 0.850431 0.520390 577b.dat
1 8 21.987430 -16.000000 46.772350 1.000000 0.000000 0.000000 0.000000 1.000000 0.000000 0.000000 0.000000 1.000000 3022.dat
1 0 21.987300 -24.000000 -13.228040 0.000000 0.000000 1.000000 0.000000 1.000000 0.000000 -1.000000 0.000000 0.000000 3034.dat
1 6 21.987430 -16.000000 -93.227530 1.000000 0.000000 0.000000 0.000000 1.000000 0.000000 0.000000 0.000000 1.000000 4032a.dat
1 8 21.987430 -24.000000 -103.227500 1.000000 0.000000 0.000000 0.000000 1.000000 0.000000 0.000000 0.000000 1.000000 2540.dat
1 8 31.987430 -48.000000 -93.227530 1.000000 0.000000 0.000000 0.000000 1.000000 0.000000 0.000000 0.000000 1.000000 30359a.dat
1 8 11.987430 -48.000000 -93.227530 1.000000 0.000000 0.000000 0.000000 1.000000 0.000000 0.000000 0.000000 1.000000 30359a.dat
1 8 521.987300 -8.000000 66.772300 1.000000 0.000000 0.000000 0.000000 1.000000 0.000000 0.000000 0.000000 1.000000 3022.dat
1 0 521.987400 -16.000000 6.771880 0.000000 0.000000 1.000000 0.000000 1.000000 0.000000 -1.000000 0.000000 0.000000 3034.dat
1 6 521.987400 -8.000000 -73.227990 1.000000 0.000000 0.000000 0.000000 1.000000 0.000000 0.000000 0.000000 1.000000 4032a.dat
1 8 521.987400 -16.000000 -83.228120 1.000000 0.000000 0.000000 0.000000 1.000000 0.000000 0.000000 0.000000 1.000000 2540.dat
1 8 21.987430 -32.000000 46.772350 1.000000 0.000000 0.000000 0.000000 1.000000 0.000000 0.000000 0.000000 1.000000 3022.dat
1 8 531.987500 -40.000000 -73.227990 1.000000 0.000000 0.000000 0.000000 1.000000 0.000000 0.000000 0.000000 1.000000 30359a.dat
1 8 511.987300 -40.000000 -73.228000 1.000000 0.000000 0.000000 0.000000 1.000000 0.000000 0.000000 0.000000 1.000000 30359a.dat
1 8 521.987400 -24.000000 66.772300 1.000000 0.000000 0.000000 0.000000 1.000000 0.000000 0.000000 0.000000 1.000000 3022.dat
1 7 21.987300 -40.000000 -23.228040 -1.000000 0.000000 0.000000 0.000000 1.000000 0.000000 0.000000 0.000000 -1.000000 3023.dat
1 8 31.987430 -40.000000 -43.227740 0.000000 0.000000 -1.000000 0.000000 1.000000 0.000000 1.000000 0.000000 0.000000 4085c.dat
1 8 11.987300 -40.000000 -43.227750 0.000000 0.000000 1.000000 0.000000 1.000000 0.000000 -1.000000 0.000000 0.000000 4085c.dat
1 6 21.987430 -64.000000 -43.227940 -1.000000 0.000000 0.000000 0.000000 1.000000 0.000000 0.000000 0.000000 -1.000000 3039.dat
1 6 21.987430 -80.000000 -83.227620 1.000000 0.000000 0.000000 0.000000 1.000000 0.000000 0.000000 0.000000 1.000000 3048b.dat
1 6 21.987430 -56.000000 76.772250 1.000000 0.000000 0.000000 0.000000 1.000000 0.000000 0.000000 0.000000 1.000000 2399.dat
1 0 21.987430 -56.000000 56.772260 -1.000000 0.000000 0.000000 0.000000 1.000000 0.000000 0.000000 0.000000 -1.000000 3794a.dat
1 0 31.987440 -38.000000 -233.227600 1.000000 0.000000 0.000000 0.000000 0.000000 1.000000 0.000000 -1.000000 0.000000 2433.dat
1 0 11.987440 -38.000000 -233.227600 1.000000 0.000000 0.000000 0.000000 0.000000 1.000000 0.000000 -1.000000 0.000000 2433.dat
1 6 11.987440 -38.000010 -255.227500 -0.422620 0.000000 0.906308 0.906307 0.000000 0.422620 0.000000 1.000000 0.000000 30259.dat
1 6 31.987440 -38.000000 -255.227500 -0.422618 0.000000 -0.906309 -0.906308 0.000001 0.422617 0.000001 1.000000 -0.000001 30259.dat
1 0 21.987430 -64.000000 -63.228020 -1.000000 0.000000 0.000000 0.000000 1.000000 0.000000 0.000000 0.000000 -1.000000 3794a.dat
1 8 21.987300 -72.000000 -63.227540 0.000000 0.000000 1.000000 0.000000 1.000000 0.000000 -1.000000 0.000000 0.000000 2555.dat
1 6 21.987300 -56.000000 -33.227750 -1.000000 0.000000 0.000000 0.000000 1.000000 0.000000 0.000000 0.000000 -1.000000 4732.dat
1 0 21.987300 -78.000000 -63.227620 1.000000 0.000000 0.000000 0.000000 1.000000 0.000000 0.000000 0.000000 1.000000 30031.dat
1 0 -8.012700 -24.000000 -43.227750 -1.000000 0.000000 0.000000 0.000000 -1.000000 0.000000 0.000000 0.000000 1.000000 4349.dat
1 6 521.987400 -48.000000 96.772170 1.000000 0.000000 0.000000 0.000000 1.000000 0.000000 0.000000 0.000000 1.000000 2399.dat
1 0 521.987400 -48.000000 76.772300 -1.000000 0.000000 0.000000 0.000000 1.000000 0.000000 0.000000 0.000000 -1.000000 3794a.dat
1 6 521.987400 -48.000000 -13.228010 -1.000000 0.000000 0.000000 0.000000 1.000000 0.000000 0.000000 0.000000 -1.000000 4732.dat
1 0 21.547420 -16.000000 -123.227600 0.000000 0.000000 1.000000 0.000000 1.000000 0.000000 -1.000000 0.000000 0.000000 2555.dat
1 7 521.987400 -32.000000 -3.228120 -1.000000 0.000000 0.000000 0.000000 1.000000 0.000000 0.000000 0.000000 -1.000000 3023.dat
1 8 21.547420 -8.000000 -123.227600 0.000000 0.000000 1.000000 0.000000 1.000000 0.000000 -1.000000 0.000000 0.000000 3062b.dat
1 8 -8.012730 16.000000 18.772160 1.000003 0.000000 0.000000 0.000000 1.000000 0.000000 0.000000 0.000000 1.000003 6120.dat
1 8 21.987430 -64.000000 16.772160 -1.000000 0.000000 0.000000 0.000000 1.000000 0.000000 0.000000 0.000000 -1.000000 2412b.dat
1 8 21.987430 -56.000000 56.772260 1.000000 0.000000 0.000000 0.000000 1.000000 0.000000 0.000000 0.000000 1.000000 2524.dat
1 8 531.987400 -32.000000 -23.228010 0.000000 0.000000 -1.000000 0.000000 1.000000 0.000000 1.000000 0.000000 0.000000 4085c.dat
1 8 511.987200 -32.000000 -23.228010 0.000000 0.000000 1.000000 0.000000 1.000000 0.000000 -1.000000 0.000000 0.000000 4085c.dat
1 6 521.987400 -56.000000 -23.228210 -1.000000 0.000000 0.000000 0.000000 1.000000 0.000000 0.000000 0.000000 -1.000000 3039.dat
1 8 521.987400 -56.000000 36.772090 -1.000000 0.000000 0.000000 0.000000 1.000000 0.000000 0.000000 0.000000 -1.000000 2412b.dat
1 8 521.987400 -48.000000 76.772190 1.000000 0.000000 0.000000 0.000000 1.000000 0.000000 0.000000 0.000000 1.000000 2524.dat
1 0 521.987400 -56.000000 -43.228000 -1.000000 0.000000 0.000000 0.000000 1.000000 0.000000 0.000000 0.000000 -1.000000 3794a.dat
1 8 521.987400 -64.000000 -43.228000 0.000000 0.000000 1.000000 0.000000 1.000000 0.000000 -1.000000 0.000000 0.000000 2555.dat
1 6 521.987400 -72.000000 -63.228120 1.000000 0.000000 0.000000 0.000000 1.000000 0.000000 0.000000 0.000000 1.000000 3048b.dat
1 0 521.987400 -70.000000 -43.228120 1.000000 0.000000 0.000000 0.000000 1.000000 0.000000 0.000000 0.000000 1.000000 30031.dat
1 0 491.987100 -16.000000 -23.228010 -1.000000 0.000000 0.000000 0.000000 -1.000000 0.000000 0.000000 0.000000 1.000000 4349.dat
1 0 531.987400 -30.000000 -213.228000 1.000000 0.000000 0.000000 0.000000 0.000000 1.000000 0.000000 -1.000000 0.000000 2433.dat
1 0 511.987200 -30.000000 -213.228000 1.000000 0.000000 0.000000 0.000000 0.000000 1.000000 0.000000 -1.000000 0.000000 2433.dat
1 8 21.987430 -16.000000 16.772060 -1.000003 0.000000 0.000001 0.000000 1.000000 0.000000 -0.000001 0.000000 -1.000003 3004.dat
1 6 511.987200 -30.000010 -235.228000 -0.422620 0.000000 0.906308 0.906307 0.000000 0.422620 0.000000 1.000000 0.000000 30259.dat
1 6 531.987400 -30.000000 -235.228000 -0.422618 0.000000 -0.906309 -0.906308 0.000001 0.422617 0.000001 1.000000 -0.000001 30259.dat
1 8 491.987100 24.000000 38.772180 1.000003 0.000000 0.000000 0.000000 1.000000 0.000000 0.000000 0.000000 1.000003 6120.dat
1 8 51.987620 16.000000 18.772160 1.000003 0.000000 0.000000 0.000000 1.000000 0.000000 0.000000 0.000000 1.000003 6120.dat
1 8 551.987500 24.000000 38.772190 1.000003 0.000000 0.000000 0.000000 1.000000 0.000000 0.000000 0.000000 1.000003 6120.dat
1 0 21.987520 8.000000 16.772860 -1.000000 0.000000 0.000001 0.000000 1.000000 0.000000 -0.000001 0.000000 -1.000000 3710.dat
1 0 521.987400 16.000000 36.772880 -1.000000 0.000000 0.000000 0.000000 1.000000 0.000000 0.000000 0.000000 -1.000000 3710.dat
1 8 521.987400 -8.000000 36.772090 -1.000003 0.000000 0.000000 0.000000 1.000000 0.000000 0.000000 0.000000 -1.000003 3004.dat
1 0 521.547400 -8.000000 -103.228100 0.000000 0.000000 1.000000 0.000000 1.000000 0.000000 -1.000000 0.000000 0.000000 2555.dat
1 8 521.547400 0.000000 -103.228100 0.000000 0.000000 1.000000 0.000000 1.000000 0.000000 -1.000000 0.000000 0.000000 3062b.dat
1 15 521.987400 -52.000000 17.771880 1.000000 0.000000 0.000000 0.000000 1.000000 -0.000001 0.000000 0.000001 1.000000 3817.dat
1 0 521.987400 -63.276320 13.667700 1.000000 0.000000 0.000000 0.000000 0.939693 -0.342021 0.000000 0.342021 0.939693 3815.dat
1 15 521.987400 -52.000020 17.771990 1.000000 0.000000 0.000000 0.000000 1.000000 -0.000001 0.000000 0.000001 1.000000 3816.dat
1 15 521.987400 -93.346450 2.723190 1.000000 0.000000 0.000000 0.000000 0.939693 -0.342021 0.000000 0.342021 0.939693 973pse.dat
1 15 506.412800 -84.976470 5.769490 0.985495 -0.146967 -0.084852 0.159469 0.973004 0.166832 0.058042 -0.177944 0.982328 3818.dat
1 15 537.459500 -85.006050 5.758690 0.985328 0.130741 0.109705 -0.160378 0.929132 0.333156 -0.058373 -0.345863 0.936468 3819.dat
1 0 499.499200 -68.871640 -7.233720 0.999019 0.005698 0.043922 0.020377 0.821358 -0.570049 -0.039324 0.570385 0.820436 3820.dat
1 0 543.773100 -71.486000 -10.469010 0.999889 -0.000640 -0.014875 -0.005689 0.906849 -0.421419 0.013759 0.421456 0.906745 3820.dat
1 14 521.987400 -115.899100 -5.485210 1.000000 0.000000 0.000000 0.000000 0.939693 -0.342021 0.000000 0.342021 0.939693 3626bpse.dat
1 15 521.987400 -115.899000 -5.484910 1.000000 0.000000 0.000000 0.000000 0.939693 -0.342021 0.000000 0.342021 0.939693 30369.dat
1 0 21.987300 -71.276300 -6.332240 1.000000 0.000000 0.000000 0.000000 0.939693 -0.342021 0.000000 0.342021 0.939693 3815.dat
1 15 21.987300 -123.899000 -25.485040 1.000000 0.000000 0.000000 0.000000 0.939693 -0.342021 0.000000 0.342021 0.939693 30369.dat
1 15 21.987300 -60.000000 -2.228040 1.000000 0.000000 0.000000 0.000000 1.000000 -0.000001 0.000000 0.000001 1.000000 3817.dat
1 15 21.987430 -60.000000 -2.227930 1.000000 0.000000 0.000000 0.000000 1.000000 -0.000001 0.000000 0.000001 1.000000 3816.dat
1 15 21.987300 -101.346500 -17.276940 1.000000 0.000000 0.000000 0.000000 0.939693 -0.342021 0.000000 0.342021 0.939693 973pse.dat
1 15 6.412690 -92.976470 -14.230440 0.985496 -0.146967 -0.084852 0.159469 0.973004 0.166832 0.058042 -0.177944 0.982328 3818.dat
1 15 37.459500 -93.006030 -14.241240 0.985329 0.130742 0.109705 -0.160378 0.929132 0.333156 -0.058373 -0.345863 0.936468 3819.dat
1 0 -0.500920 -76.871630 -27.233840 0.999019 0.005699 0.043922 0.020377 0.821358 -0.570049 -0.039324 0.570385 0.820436 3820.dat
1 0 43.773140 -79.485980 -30.468930 0.999889 -0.000640 -0.014875 -0.005689 0.906849 -0.421419 0.013759 0.421456 0.906745 3820.dat
1 14 21.987300 -123.899100 -25.485440 1.000000 0.000000 0.000000 0.000000 0.939693 -0.342021 0.000000 0.342021 0.939693 3626bpse.dat
