0 7130 Snowspeeder
0 SetNumber: 7130
0 Name: Snowspeeder
0 Author: Kristopher Wilson
0 NumOfBricks: 230
1 7 340.000000 -28.000010 51.000020 1.000000 0.000000 0.000000 0.000000 1.000000 0.000000 0.000000 0.000000 1.000000 3817.dat
1 15 339.999900 -39.999990 51.000000 1.000000 0.000000 0.000000 0.000000 1.000000 0.000000 0.000000 0.000000 1.000000 3815.dat
1 7 340.000000 -28.000000 51.000000 1.000000 0.000000 0.000000 0.000000 1.000000 0.000000 0.000000 0.000000 1.000000 3816.dat
1 25 80.000960 -28.000020 50.999900 1.000004 0.000000 0.000000 0.000000 1.000000 0.000000 0.000000 0.000000 1.000004 3816.dat
1 25 -180.000800 -25.000000 28.000200 1.000003 0.000000 0.000001 0.000000 -0.000001 1.000000 0.000000 -1.000005 0.000000 3816.dat
1 25 80.000960 -28.000020 50.999900 1.000004 0.000000 0.000000 0.000000 1.000000 0.000000 0.000000 0.000000 1.000004 3817.dat
1 25 -180.000000 -25.000020 27.999790 1.000004 -0.000001 0.000000 0.000000 0.000000 1.000000 -0.000001 -1.000004 0.000000 3817.dat
1 8 80.000960 -40.000020 50.999900 1.000004 0.000000 0.000000 0.000000 1.000000 0.000000 0.000000 0.000000 1.000004 3815.dat
1 8 -180.000800 -36.276390 32.104390 1.000003 0.000001 0.000001 0.000000 0.939693 0.342020 0.000000 -0.342020 0.939699 3815.dat
1 25 80.000960 -72.000000 50.999900 1.000004 0.000000 0.000000 0.000000 1.000000 0.000000 0.000000 0.000000 1.000004 973ps1.dat
1 25 -180.000700 -66.346560 43.048980 1.000003 0.000001 0.000001 0.000000 0.939693 0.342020 0.000000 -0.342020 0.939699 973ps1.dat
1 19 339.999900 -72.000000 51.000000 1.000000 0.000000 0.000000 0.000000 1.000000 0.000000 0.000000 0.000000 1.000000 973psh.dat
1 7 355.471800 -63.124320 51.000000 0.985328 0.170671 0.000000 -0.170671 0.985328 0.000000 0.000000 0.000000 1.000000 3819.dat
1 7 324.425400 -63.092840 51.000000 0.985495 -0.146967 -0.084852 0.169703 0.853464 0.492748 0.000000 -0.500000 0.866026 3818.dat
1 25 95.472800 -63.124340 50.999880 0.985332 0.170671 0.000000 -0.170671 0.985328 0.000000 0.000000 0.000000 1.000004 3819.dat
1 25 -164.528800 -58.006180 40.013300 0.985331 0.150282 0.080896 -0.160378 0.653182 0.740023 0.058372 -0.742141 0.667704 3819.dat
1 25 64.426280 -63.092860 50.999900 0.985499 -0.119999 -0.119999 0.169703 0.696850 0.696851 0.000000 -0.707109 0.707109 3818.dat
1 25 -195.468000 -56.539940 42.136840 0.978660 -0.188912 0.080896 0.067995 0.669137 0.740022 -0.193930 -0.718730 0.667704 3818.dat
1 15 317.511600 -52.406640 33.272750 0.999019 0.005699 0.043922 0.005699 0.966907 -0.255065 -0.043922 0.255065 0.965926 3820.dat
1 15 363.641200 -45.256460 41.000000 0.991468 -0.049255 -0.120682 -0.049255 0.715638 -0.696732 0.120682 0.696732 0.707107 3820.dat
1 0 58.358760 -57.321320 30.847310 1.000004 0.000000 0.000000 0.000000 1.000000 0.000001 0.000000 0.000000 1.000004 3820.dat
1 0 103.642200 -45.256460 40.999860 0.991472 -0.049255 -0.120683 -0.049255 0.715638 -0.696732 0.120683 0.696734 0.707109 3820.dat
1 0 -204.719100 -51.196510 23.107360 0.977426 0.090811 0.190783 -0.102088 0.993512 0.050123 -0.184994 -0.068468 0.980358 3820.dat
1 0 -157.555800 -53.797820 19.527360 0.998774 -0.007098 -0.049064 0.010110 0.998062 0.061406 0.048533 -0.061826 0.996912 3820.dat
1 14 80.000960 -96.000000 50.999900 1.000004 0.000000 0.000000 0.000000 1.000000 0.000000 0.000000 0.000000 1.000004 3626bps3.dat
1 14 -180.000700 -88.899100 51.257440 1.000003 0.000001 0.000001 0.000000 0.939693 0.342020 0.000000 -0.342020 0.939699 3626bp01.dat
1 14 340.000000 -95.999980 51.000000 1.000000 0.000000 0.000000 0.000000 1.000000 0.000000 0.000000 0.000000 1.000000 3626bp7a.dat
1 15 -180.000700 -88.899100 51.257440 1.000003 0.000001 0.000001 0.000000 0.939693 0.342020 0.000000 -0.342020 0.939699 30370ps3.dat
1 15 80.000960 -96.000000 50.999900 1.000004 0.000000 0.000000 0.000000 1.000000 0.000000 0.000000 0.000000 1.000004 30370ps2.dat
1 15 340.000000 -95.999980 51.000000 1.000000 0.000000 0.000000 0.000000 1.000000 0.000000 0.000000 0.000000 1.000000 30171.dat
1 6 339.999900 -90.747020 56.891010 1.000000 0.000000 0.000000 0.000000 0.422618 0.906308 0.000000 -0.906308 0.422618 2447.dat
1 15 220.000000 -8.000000 80.000000 1.000000 0.000000 0.000000 0.000000 1.000000 0.000000 0.000000 0.000000 1.000000 3031.dat
1 7 220.000000 -32.000000 100.000000 1.000000 0.000000 0.000000 0.000000 1.000000 0.000000 0.000000 0.000000 1.000000 3003.dat
1 7 220.000000 -56.000000 100.000000 1.000000 0.000000 0.000000 0.000000 1.000000 0.000000 0.000000 0.000000 1.000000 3003.dat
1 7 220.000000 -80.000000 90.000000 -1.000000 0.000000 0.000000 0.000000 1.000000 0.000000 0.000000 0.000000 -1.000000 3039.dat
1 7 210.000000 -80.000000 70.000000 0.000000 0.000000 1.000000 0.000000 1.000000 0.000000 -1.000000 0.000000 0.000000 4460a.dat
1 7 230.000000 -80.000000 70.000000 0.000000 0.000000 -1.000000 0.000000 1.000000 0.000000 1.000000 0.000000 0.000000 4460a.dat
1 0 220.000000 -88.000000 80.000000 1.000000 0.000000 0.000000 0.000000 1.000000 0.000000 0.000000 0.000000 1.000000 3680c01.dat
1 8 220.000000 -96.000000 80.000000 1.000000 0.000000 0.000000 0.000000 1.000000 0.000000 0.000000 0.000000 1.000000 3022.dat
1 15 220.000000 -120.000000 90.000000 -1.000000 0.000000 0.000000 0.000000 1.000000 0.000000 0.000000 0.000000 -1.000000 3937.dat
1 0 219.999900 -118.191500 95.735770 -1.000000 0.000000 0.000000 0.000000 0.819152 -0.573577 0.000000 -0.573577 -0.819152 6134.dat
1 7 219.999900 -119.015800 59.689680 1.000000 0.000000 0.000000 0.000000 -0.573577 0.819152 0.000000 -0.819152 -0.573577 3956.dat
1 15 219.999900 -137.033700 96.721480 1.000000 0.000000 0.000000 0.000000 0.819152 0.573577 0.000000 -0.573577 0.819152 4150.dat
1 15 219.999900 -123.604400 53.136470 1.000000 0.000000 0.000000 0.000000 -0.573577 0.819152 0.000000 -0.819152 -0.573577 4285b.dat
1 8 219.999900 -128.193000 46.583260 1.000000 0.000000 0.000000 0.000000 -0.573577 0.819152 0.000000 -0.819152 -0.573577 4740.dat
1 15 219.999900 -130.235000 43.667070 1.000000 0.000000 0.000000 0.000000 0.573577 -0.819152 0.000000 0.819152 0.573577 4095.dat
1 19 -180.000000 -8.000000 80.000020 0.000000 0.000000 -1.000004 0.000000 1.000000 0.000000 1.000004 0.000000 0.000000 3027.dat
1 19 -179.999900 -8.000000 250.000700 1.000004 0.000000 0.000000 0.000000 1.000000 0.000000 0.000000 0.000000 1.000004 3666.dat
1 8 -179.999900 -32.000040 250.000800 1.000004 0.000000 0.000000 0.000000 1.000000 0.000000 0.000000 0.000000 1.000004 3039ps2.dat
1 8 -220.000000 -32.000040 250.000800 -1.000004 0.000000 0.000000 0.000000 1.000000 0.000000 0.000000 0.000000 -1.000004 2877.dat
1 8 -139.999800 -32.000040 250.000700 -1.000004 0.000000 0.000000 0.000000 1.000000 0.000000 0.000000 0.000000 -1.000004 2877.dat
1 7 -179.999900 -16.000020 210.000700 1.000004 0.000000 0.000000 0.000000 1.000000 0.000000 0.000000 0.000000 1.000004 3069b.dat
1 0 -179.999900 -16.000020 190.000700 1.000004 0.000000 0.000000 0.000000 1.000000 0.000000 0.000000 0.000000 1.000004 3023.dat
1 8 -220.000100 -32.000040 210.000700 0.000000 0.000000 -1.000004 0.000000 1.000000 0.000000 1.000004 0.000000 0.000000 3002.dat
1 8 -139.999900 -32.000040 210.000700 0.000000 0.000000 -1.000004 0.000000 1.000000 0.000000 1.000004 0.000000 0.000000 3002.dat
1 8 -179.999900 -32.000040 150.000300 -1.000004 0.000000 -0.000001 0.000000 1.000000 0.000000 0.000001 0.000000 -1.000004 3039.dat
1 7 -139.999900 -32.000040 160.000500 0.000000 0.000000 -1.000004 0.000000 1.000000 0.000000 1.000004 0.000000 0.000000 3003.dat
1 7 -220.000100 -32.000040 160.000600 0.000000 0.000000 -1.000004 0.000000 1.000000 0.000000 1.000004 0.000000 0.000000 3003.dat
1 7 -180.000000 -16.000020 120.000100 1.000004 0.000000 0.000000 0.000000 1.000000 0.000000 0.000000 0.000000 1.000004 2445.dat
1 0 -210.000100 -24.000020 120.000200 0.000000 0.000000 -1.000004 0.000000 1.000000 0.000000 1.000004 0.000000 0.000000 3023.dat
1 0 -149.999900 -24.000020 120.000100 0.000000 0.000000 -1.000004 0.000000 1.000000 0.000000 1.000004 0.000000 0.000000 3023.dat
1 1 -210.000100 -32.000040 120.000200 0.000000 0.000000 -1.000004 0.000000 1.000000 0.000000 1.000004 0.000000 0.000000 3023.dat
1 1 -149.999900 -32.000040 120.000100 0.000000 0.000000 -1.000004 0.000000 1.000000 0.000000 1.000004 0.000000 0.000000 3023.dat
1 8 -230.000300 -40.000040 120.000200 0.000000 0.000000 1.000004 0.000000 1.000000 0.000000 -1.000004 0.000000 0.000000 30363.dat
1 8 -129.999900 -40.000040 120.000100 0.000000 0.000000 -1.000004 0.000000 1.000000 0.000000 1.000004 0.000000 0.000000 30363.dat
1 0 -179.999900 -32.000040 90.000030 1.000004 0.000000 0.000000 0.000000 1.000000 0.000000 0.000000 0.000000 1.000004 3298.dat
1 7 -180.000000 -16.000020 29.999840 1.000004 0.000000 0.000000 0.000000 1.000000 0.000000 0.000000 0.000000 1.000004 3069b.dat
1 7 -220.000100 -32.000040 59.999940 0.000000 0.000000 -1.000004 0.000000 1.000000 0.000000 1.000004 0.000000 0.000000 3001.dat
1 7 -139.999900 -32.000040 59.999920 0.000000 0.000000 -1.000004 0.000000 1.000000 0.000000 1.000004 0.000000 0.000000 3001.dat
1 7 -180.000000 -16.000020 -0.000310 1.000004 0.000000 0.000000 0.000000 1.000000 0.000000 0.000000 0.000000 1.000004 2445.dat
1 8 -230.000400 -40.000050 -0.000310 0.000000 0.000000 1.000004 0.000000 1.000000 0.000000 -1.000004 0.000000 0.000000 30363.dat
1 8 -129.999900 -40.000050 -0.000340 0.000000 0.000000 -1.000004 0.000000 1.000000 0.000000 1.000004 0.000000 0.000000 30363.dat
1 0 -210.000100 -40.000050 -10.000420 1.000004 0.000000 0.000000 0.000000 1.000000 0.000000 0.000000 0.000000 1.000004 2357.dat
1 0 -150.000000 -40.000050 -10.000360 0.000000 0.000000 -1.000004 0.000000 1.000000 0.000000 1.000004 0.000000 0.000000 2357.dat
1 7 -180.000000 -32.000000 -40.000450 1.000004 0.000000 0.000000 0.000000 1.000000 0.000000 0.000000 0.000000 1.000004 2456.dat
1 7 -200.000200 -32.000000 -70.000600 1.000004 0.000000 0.000000 0.000000 1.000000 0.000000 0.000000 0.000000 1.000004 3660.dat
1 7 -159.999900 -32.000000 -70.000600 1.000004 0.000000 0.000000 0.000000 1.000000 0.000000 0.000000 0.000000 1.000004 3660.dat
1 7 -230.000400 -32.000000 -70.000600 1.000004 0.000000 0.000000 0.000000 1.000000 0.000000 0.000000 0.000000 1.000004 4287.dat
1 7 -129.999900 -32.000000 -70.000600 1.000004 0.000000 0.000000 0.000000 1.000000 0.000000 0.000000 0.000000 1.000004 4287.dat
1 8 -200.000000 -56.000040 250.000800 -1.000004 0.000000 -0.000001 0.000000 1.000000 0.000000 0.000001 0.000000 -1.000004 3937.dat
1 8 -159.999800 -56.000040 250.000700 -1.000004 0.000000 -0.000001 0.000000 1.000000 0.000000 0.000001 0.000000 -1.000004 3937.dat
1 7 -200.000000 -55.999990 250.000900 1.000004 -0.000001 0.000000 0.000001 1.000000 0.000001 0.000000 -0.000001 1.000004 3938.dat
1 7 -159.999800 -56.000040 250.000900 1.000004 -0.000001 0.000000 0.000001 1.000000 0.000001 0.000000 -0.000001 1.000004 3938.dat
1 7 -230.000300 -56.000040 230.000700 0.000000 0.000000 -1.000004 0.000000 1.000000 0.000000 1.000004 0.000000 0.000000 3622.dat
1 7 -129.999800 -56.000040 230.000700 0.000000 0.000000 -1.000004 0.000000 1.000000 0.000000 1.000004 0.000000 0.000000 3622.dat
1 7 -210.000100 -56.000040 200.000700 0.000000 0.000000 -1.000004 0.000000 1.000000 0.000000 1.000004 0.000000 0.000000 4865a.dat
1 7 -149.999800 -56.000040 200.000700 0.000000 0.000000 1.000004 0.000000 1.000000 0.000000 -1.000004 0.000000 0.000000 4865a.dat
1 0 -210.000100 -40.000040 170.000600 0.000000 0.000000 -1.000004 0.000000 1.000000 0.000000 1.000004 0.000000 0.000000 3024.dat
1 0 -149.999800 -40.000040 170.000600 0.000000 0.000000 -1.000004 0.000000 1.000000 0.000000 1.000004 0.000000 0.000000 3024.dat
1 8 -210.000100 -64.000010 170.000600 0.000000 0.000000 -1.000004 0.000000 1.000000 0.000000 1.000004 0.000000 0.000000 3062b.dat
1 8 -149.999800 -64.000010 170.000600 0.000000 0.000000 -1.000004 0.000000 1.000000 0.000000 1.000004 0.000000 0.000000 3062b.dat
1 8 -179.999900 -56.000040 150.000400 -1.000004 0.000000 0.000000 0.000000 1.000000 0.000000 0.000000 0.000000 -1.000004 2877.dat
1 7 -149.999900 -56.000040 150.000300 0.000000 0.000000 -1.000004 0.000000 1.000000 0.000000 1.000004 0.000000 0.000000 3040b.dat
1 7 -210.000100 -56.000040 150.000400 0.000000 0.000000 1.000004 0.000000 1.000000 0.000000 -1.000004 0.000000 0.000000 3040b.dat
1 0 -210.000100 -56.000040 120.000200 0.000000 0.000000 -1.000004 0.000000 1.000000 0.000000 1.000004 0.000000 0.000000 3004.dat
1 0 -149.999900 -56.000040 120.000100 0.000000 0.000000 -1.000004 0.000000 1.000000 0.000000 1.000004 0.000000 0.000000 3004.dat
1 19 -210.000100 -72.000020 170.000600 0.000000 0.000000 -1.000004 0.000000 1.000000 0.000000 1.000004 0.000000 0.000000 3070b.dat
1 19 -149.999800 -72.000020 170.000600 0.000000 0.000000 -1.000004 0.000000 1.000000 0.000000 1.000004 0.000000 0.000000 3070b.dat
1 7 -129.999900 -80.000020 180.000600 0.000000 0.000000 -1.000004 0.000000 1.000000 0.000000 1.000004 0.000000 0.000000 4864b.dat
1 7 -230.000300 -80.000020 180.000700 0.000000 0.000000 1.000004 0.000000 1.000000 0.000000 -1.000004 0.000000 0.000000 4864b.dat
1 8 -230.000300 -80.000020 210.000700 -1.000004 0.000000 -0.000001 0.000000 1.000000 0.000000 0.000001 0.000000 -1.000004 4286.dat
1 8 -129.999800 -80.000020 210.000700 -1.000004 0.000000 -0.000001 0.000000 1.000000 0.000000 0.000001 0.000000 -1.000004 4286.dat
1 8 -210.000100 -56.000040 80.000060 0.000000 0.000000 1.000004 0.000000 1.000000 0.000000 -1.000004 0.000000 0.000000 3039.dat
1 8 -149.999900 -56.000040 80.000020 0.000000 0.000000 -1.000004 0.000000 1.000000 0.000000 1.000004 0.000000 0.000000 3039.dat
1 8 -220.000100 -40.000040 39.999870 0.000000 0.000000 -1.000004 0.000000 1.000000 0.000000 1.000004 0.000000 0.000000 3022.dat
1 8 -139.999900 -40.000040 39.999850 0.000000 0.000000 -1.000004 0.000000 1.000000 0.000000 1.000004 0.000000 0.000000 3022.dat
1 7 -210.000600 -64.000010 49.999600 1.000004 0.000000 0.000000 0.000000 1.000000 0.000000 0.000000 0.000000 1.000004 6231.dat
1 7 -149.999900 -64.000010 49.999880 0.000000 0.000000 1.000004 0.000000 1.000000 0.000000 -1.000004 0.000000 0.000000 6231.dat
1 7 -210.000000 -64.000020 -10.000360 0.000000 0.000000 -1.000006 0.000000 1.000000 0.000000 1.000006 0.000000 0.000000 6231.dat
1 7 -149.999900 -64.000020 -10.000360 -1.000004 0.000000 0.000000 0.000000 1.000000 0.000000 0.000000 0.000000 -1.000004 6231.dat
1 7 -210.000000 -64.000020 19.999810 0.000000 0.000000 -1.000006 0.000000 1.000000 0.000000 1.000006 0.000000 0.000000 4865a.dat
1 7 -150.000000 -64.000020 19.999780 0.000000 0.000000 1.000004 0.000000 1.000000 0.000000 -1.000004 0.000000 0.000000 4865a.dat
1 8 -180.000000 -64.000020 -30.000440 -1.000004 0.000000 -0.000001 0.000000 1.000000 0.000000 0.000001 0.000000 -1.000004 3039ps2.dat
1 7 -180.000000 -64.000020 -50.000480 1.000004 0.000000 0.000000 0.000000 1.000000 0.000000 0.000000 0.000000 1.000004 30363ps1.dat
1 8 -180.000000 -40.000000 -60.000480 0.000000 0.000000 -1.000004 0.000000 1.000000 0.000000 1.000004 0.000000 0.000000 3020.dat
1 7 -149.999900 -56.000040 -50.000480 0.000000 0.000000 -1.000004 0.000000 1.000000 0.000000 1.000004 0.000000 0.000000 3038.dat
1 7 -209.999800 -56.000040 -50.000220 0.000000 0.000000 1.000000 0.000000 1.000000 0.000000 -1.000000 0.000000 0.000000 3038.dat
1 7 -210.000100 -64.000010 69.999970 0.000000 0.000000 -1.000004 0.000000 1.000000 0.000000 1.000004 0.000000 0.000000 3024.dat
1 7 -149.999900 -64.000010 69.999960 0.000000 0.000000 -1.000004 0.000000 1.000000 0.000000 1.000004 0.000000 0.000000 3024.dat
1 7 -210.000100 -64.000020 -40.000450 0.000000 0.000000 -1.000004 0.000000 1.000000 0.000000 1.000004 0.000000 0.000000 3069bps1.dat
1 7 -149.999900 -64.000020 -40.000450 0.000000 0.000000 1.000004 0.000000 1.000000 0.000000 -1.000004 0.000000 0.000000 3069bps1.dat
1 7 -149.999900 -56.000000 -90.000640 1.000004 0.000000 0.000000 0.000000 1.000000 0.000000 0.000000 0.000000 1.000004 3045.dat
1 7 -210.000100 -56.000000 -90.000640 0.000000 0.000000 1.000004 0.000000 1.000000 0.000000 -1.000004 0.000000 0.000000 3045.dat
1 8 -159.999900 -80.000020 150.000400 1.000004 0.000000 0.000000 0.000000 1.000000 0.000000 0.000000 0.000000 1.000004 30364.dat
1 8 -159.999900 -80.000020 90.000030 1.000004 0.000000 0.000000 0.000000 1.000000 0.000000 0.000000 0.000000 1.000004 30364.dat
1 8 -200.000100 -80.000020 90.000060 -1.000004 0.000000 0.000000 0.000000 1.000000 0.000000 0.000000 0.000000 -1.000004 30364.dat
1 8 -200.000000 -80.000020 150.000400 -1.000004 0.000000 0.000000 0.000000 1.000000 0.000000 0.000000 0.000000 -1.000004 30364.dat
1 8 -210.000100 -80.000020 120.000200 0.000000 0.000000 1.000004 0.000000 1.000000 0.000000 -1.000004 0.000000 0.000000 2877.dat
1 8 -149.999900 -80.000020 120.000100 0.000000 0.000000 -1.000004 0.000000 1.000000 0.000000 1.000004 0.000000 0.000000 2877.dat
1 8 -129.999900 -88.000030 150.000300 0.000000 0.000000 -1.000004 0.000000 1.000000 0.000000 1.000004 0.000000 0.000000 2420.dat
1 8 -230.000300 -88.000030 150.000400 1.000004 0.000000 0.000000 0.000000 1.000000 0.000000 0.000000 0.000000 1.000004 2420.dat
1 8 -230.000300 -88.000030 200.000700 0.000000 0.000000 -1.000004 0.000000 1.000000 0.000000 1.000004 0.000000 0.000000 3794a.dat
1 8 -129.999800 -88.000030 200.000700 0.000000 0.000000 -1.000004 0.000000 1.000000 0.000000 1.000004 0.000000 0.000000 3794a.dat
1 0 -179.999900 -88.000030 150.000400 1.000004 0.000000 0.000000 0.000000 1.000000 0.000000 0.000000 0.000000 1.000004 3023.dat
1 7 -179.999900 -112.000000 150.000400 1.000004 0.000000 0.000000 0.000000 1.000000 0.000000 0.000000 0.000000 1.000004 3010.dat
1 19 -210.000100 -88.000030 110.000200 0.000000 0.000000 -1.000004 0.000000 1.000000 0.000000 1.000004 0.000000 0.000000 3623.dat
1 19 -149.999900 -88.000030 110.000100 0.000000 0.000000 -1.000004 0.000000 1.000000 0.000000 1.000004 0.000000 0.000000 3623.dat
1 7 -179.999900 -88.000030 90.000030 1.000004 0.000000 0.000000 0.000000 1.000000 0.000000 0.000000 0.000000 1.000004 3069b.dat
1 7 -200.000000 -64.000080 230.000900 0.000001 -0.000001 -1.000004 0.000001 1.000000 -0.000001 1.000004 -0.000001 0.000001 3021.dat
1 7 -159.999800 -64.000040 230.000900 0.000001 -0.000001 -1.000004 0.000001 1.000000 -0.000001 1.000004 -0.000001 0.000001 3021.dat
1 8 -179.999900 -71.999980 250.000900 1.000004 -0.000001 0.000001 0.000001 1.000000 0.000001 -0.000001 -0.000001 1.000004 3710.dat
1 8 -179.999900 -72.000060 220.000900 1.000004 -0.000001 0.000001 0.000001 1.000000 0.000001 -0.000001 -0.000001 1.000004 3020.dat
1 7 -179.999900 -80.000010 240.000900 0.000001 -0.000001 -1.000004 0.000001 1.000000 -0.000001 1.000004 -0.000001 0.000001 3022.dat
1 0 -179.999900 -88.000030 240.000900 0.000001 -0.000001 -1.000004 0.000001 1.000000 -0.000001 1.000004 -0.000001 0.000001 3680c01.dat
1 8 -179.999800 -96.000010 250.000900 1.000004 -0.000001 0.000001 0.000001 1.000000 0.000001 -0.000001 -0.000001 1.000004 3794a.dat
1 8 -179.999900 -96.000010 230.000900 1.000004 -0.000001 0.000001 0.000001 1.000000 0.000001 -0.000001 -0.000001 1.000004 3794a.dat
1 40 -179.999900 -104.000100 190.000900 -1.000004 -0.000001 -0.000001 -0.000001 1.000000 -0.000001 0.000001 -0.000001 -1.000004 2437.dat
1 7 -179.999900 -112.000200 180.000800 1.000004 -0.000001 0.000001 0.000001 1.000000 0.000001 -0.000001 -0.000001 1.000004 3020.dat
1 0 -179.999900 -112.000000 240.001000 -1.000004 -0.000001 -0.000001 -0.000001 1.000000 -0.000001 0.000001 -0.000001 -1.000004 4595.dat
1 8 -210.000100 -112.000000 120.000200 0.000000 0.000000 1.000004 0.000000 1.000000 0.000000 -1.000004 0.000000 0.000000 30364.dat
1 8 -149.999900 -112.000000 120.000100 0.000000 0.000000 1.000004 0.000000 1.000000 0.000000 -1.000004 0.000000 0.000000 30364.dat
1 40 -179.999900 -102.000000 89.999850 1.000004 0.000000 0.000000 0.000000 0.999743 0.022683 0.000000 -0.022683 0.999747 30372p79.dat
1 8 -210.000100 -120.000000 150.000400 0.000000 0.000000 1.000004 0.000000 1.000000 0.000000 -1.000004 0.000000 0.000000 2420.dat
1 8 -149.999800 -120.000000 150.000400 -1.000004 0.000000 0.000000 0.000000 1.000000 0.000000 0.000000 0.000000 -1.000004 2420.dat
0 STEP
1 7 -290.990600 -32.902880 -0.000950 0.939701 0.342021 0.000000 -0.342022 0.939693 0.000000 0.000000 0.000000 1.000008 30356.dat
1 7 -290.990600 -32.902850 160.000700 0.939701 0.342021 0.000000 -0.342022 0.939693 0.000000 0.000000 0.000000 1.000008 3032.dat
1 7 -308.598000 -52.034710 119.999000 0.000000 0.342021 0.939697 0.000000 0.939693 -0.342020 -1.000004 0.000000 0.000000 3298.dat
0 STEP
1 25 -308.596500 -52.035260 150.000500 0.000000 0.342021 0.939697 0.000000 0.939693 -0.342020 -1.000004 0.000000 0.000000 4286.dat
1 8 -271.008000 -65.716150 120.000000 0.939697 0.342021 0.000000 -0.342020 0.939693 0.000000 0.000000 0.000000 1.000004 3002.dat
1 8 -321.918200 -30.159720 79.999820 0.000000 0.342021 -0.939697 0.000000 0.939693 0.342020 1.000004 0.000000 0.000000 2412b.dat
1 19 -293.727100 -40.420420 79.999720 0.000000 0.342021 -0.939697 0.000000 0.939693 0.342020 1.000004 0.000000 0.000000 3022.dat
1 8 -301.935500 -62.973080 79.999720 0.000000 0.342021 -0.939697 0.000000 0.939693 0.342020 1.000004 0.000000 0.000000 30165.dat
1 8 -289.802100 -58.875700 150.000500 0.000000 0.342021 -0.939697 0.000000 0.939693 0.342020 1.000004 0.000000 0.000000 3062b.dat
1 7 -261.611100 -69.136360 150.000500 0.939697 0.342021 0.000000 -0.342020 0.939693 0.000000 0.000000 0.000000 1.000004 30365.dat
1 7 -261.611000 -69.136380 89.999860 0.939697 0.342021 0.000000 -0.342020 0.939693 0.000000 0.000000 0.000000 1.000004 30365.dat
1 7 -308.596500 -52.035280 49.999540 0.000000 0.342021 0.939697 0.000000 0.939693 -0.342020 -1.000004 0.000000 0.000000 3040b.dat
1 7 -289.802000 -58.875740 49.999530 0.000000 0.342021 -0.939697 0.000000 0.939693 0.342020 1.000004 0.000000 0.000000 3040b.dat
1 8 -293.727400 -40.420310 29.999090 0.939697 0.342021 0.000000 -0.342020 0.939693 0.000000 0.000000 0.000000 1.000004 3794a.dat
1 8 -293.727100 -40.420390 9.999189 0.939697 0.342021 0.000000 -0.342020 0.939693 0.000000 0.000000 0.000000 1.000005 3794a.dat
1 7 -246.741900 -57.521480 -0.001230 0.000000 0.342021 -0.939697 0.000000 0.939693 0.342020 1.000004 0.000000 0.000000 4162.dat
1 25 -311.334200 -59.552240 139.999400 0.000000 0.342021 0.939697 0.000000 0.939693 -0.342020 -1.000004 0.000000 0.000000 2412b.dat
1 0 -292.538500 -66.393290 130.000400 0.000000 0.342021 -0.939697 0.000000 0.939693 0.342020 1.000004 0.000000 0.000000 3024.dat
1 25 -246.742000 -57.521400 -100.001800 0.000000 0.342021 0.939697 0.000000 0.939693 -0.342020 -1.000004 0.000000 0.000000 2412b.dat
1 8 -301.935500 -62.973080 49.999530 0.939697 0.342021 0.000000 -0.342020 0.939693 0.000000 0.000000 0.000000 1.000004 3794a.dat
1 8 -301.937300 -62.972460 109.999000 0.939697 0.342021 0.000000 -0.342020 0.939693 0.000000 0.000000 0.000000 1.000004 3794a.dat
1 8 -254.950400 -80.074100 120.000000 0.000000 0.342021 -0.939697 0.000000 0.939693 0.342020 1.000004 0.000000 0.000000 2431.dat
1 19 -283.141100 -69.813530 150.000500 -0.939697 0.342021 0.000000 0.342020 0.939693 0.000000 0.000000 0.000000 -1.000004 2436a.dat
1 25 -279.720800 -60.416640 172.000700 0.939697 0.000000 0.342021 -0.342020 0.000000 0.939693 0.000000 -1.000004 0.000000 2540.dat
1 8 -307.911900 -50.156180 172.000800 -0.939696 0.000000 -0.342021 0.342020 0.000000 -0.939693 0.000001 -1.000004 0.000000 6141.dat
1 8 -251.530200 -70.677280 172.000800 -0.939696 0.000000 -0.342021 0.342020 0.000000 -0.939693 0.000001 -1.000004 0.000000 6141.dat
1 7 -279.720800 -60.416650 180.000800 -0.939697 -0.000001 -0.342021 0.342020 0.000000 -0.939693 0.000000 -1.000004 0.000000 3710.dat
1 8 -307.912000 -50.156040 204.000800 -0.939697 0.000000 -0.342021 0.342020 0.000000 -0.939693 0.000000 -1.000004 0.000000 3062b.dat
1 25 -279.720800 -60.416650 188.000700 0.939697 -0.000001 0.342021 -0.342020 0.000000 0.939693 -0.000001 -1.000004 0.000000 2412b.dat
1 8 -267.767400 -86.050870 170.000700 -0.342009 -0.939697 -0.002858 -0.939660 0.342020 -0.007850 0.008354 0.000000 -0.999969 2335.dat
1 19 -285.879200 -77.330260 140.000800 0.939695 0.342021 0.000000 -0.342020 0.939691 0.000000 0.000000 0.000000 1.000004 3068bps1.dat
1 8 -301.935500 -62.973020 19.999260 0.939697 0.342021 0.000000 -0.342020 0.939693 0.000000 0.000000 0.000000 1.000004 30359a.dat
1 8 -304.671700 -70.490550 79.999720 0.000000 0.342021 -0.939697 0.000000 0.939693 0.342020 1.000004 0.000000 0.000000 2431.dat
0 STEP
1 7 -69.011530 -32.904120 160.000500 0.939668 -0.342010 0.000000 0.342009 0.939665 0.000000 0.000000 0.000000 1.000004 3032.dat
1 7 -69.011500 -32.904110 -0.000340 0.939668 -0.342010 0.000000 0.342009 0.939665 0.000000 0.000000 0.000000 1.000004 30355.dat
1 8 -88.993190 -65.716300 120.000000 0.939668 -0.342010 0.000000 0.342009 0.939665 0.000000 0.000000 0.000000 1.000004 3002.dat
1 7 -98.389900 -69.136390 90.000000 -0.939668 -0.342010 0.000000 -0.342009 0.939665 0.000000 0.000000 0.000000 -1.000004 30365.dat
1 7 -98.389850 -69.136400 150.000300 -0.939668 -0.342010 0.000000 -0.342009 0.939665 0.000000 0.000000 0.000000 -1.000004 30365.dat
1 7 -51.406540 -52.035970 120.000100 0.000000 -0.342010 -0.939668 0.000000 0.939665 -0.342009 1.000004 0.000000 0.000000 3298.dat
1 8 -70.199940 -58.876160 150.000300 0.000000 -0.342010 -0.939668 0.000000 0.939665 -0.342009 1.000004 0.000000 0.000000 3062b.dat
1 19 -66.275340 -40.421430 79.999950 0.000000 -0.342010 -0.939668 0.000000 0.939665 -0.342009 1.000004 0.000000 0.000000 3022.dat
1 7 -113.258800 -57.521900 -0.000340 0.000000 -0.342010 -0.939668 0.000000 0.939665 -0.342009 1.000004 0.000000 0.000000 4162.dat
1 8 -58.067140 -62.973380 79.999950 0.000000 -0.342010 -0.939668 0.000000 0.939665 -0.342009 1.000004 0.000000 0.000000 30165.dat
1 25 -51.406540 -52.035980 150.000300 0.000000 -0.342010 -0.939668 0.000000 0.939665 -0.342009 1.000004 0.000000 0.000000 4286.dat
1 25 -113.258800 -57.521840 -100.000600 0.000000 -0.342010 0.939668 0.000000 0.939665 0.342009 -1.000004 0.000000 0.000000 2412b.dat
1 7 -70.199900 -58.876140 49.999850 0.000000 -0.342010 0.939668 0.000000 0.939665 0.342009 -1.000004 0.000000 0.000000 3040b.dat
1 7 -51.406560 -52.035960 49.999850 0.000000 -0.342010 -0.939668 0.000000 0.939665 -0.342009 1.000004 0.000000 0.000000 3040b.dat
1 8 -66.275310 -40.421400 29.999820 0.939668 -0.342010 0.000000 0.342009 0.939665 0.000000 0.000000 0.000000 1.000004 3794a.dat
1 8 -66.275320 -40.421400 9.999740 0.939668 -0.342010 0.000000 0.342009 0.939665 0.000000 0.000000 0.000000 1.000004 3794a.dat
1 8 -105.050500 -80.073810 120.000000 0.000000 -0.342010 -0.939668 0.000000 0.939665 -0.342009 1.000004 0.000000 0.000000 2431.dat
1 7 -86.257110 -73.233620 110.000100 0.000000 -0.342010 -0.939668 0.000000 0.939665 -0.342009 1.000004 0.000000 0.000000 3623.dat
1 8 -58.067080 -62.973360 49.999880 0.939668 -0.342010 0.000000 0.342009 0.939665 0.000000 0.000000 0.000000 1.000004 3794a.dat
1 8 -58.067070 -62.973360 110.000100 0.939668 -0.342010 0.000000 0.342009 0.939665 0.000000 0.000000 0.000000 1.000004 3794a.dat
1 0 -67.463800 -66.393440 130.000400 0.000000 -0.342010 -0.939668 0.000000 0.939665 -0.342009 1.000004 0.000000 0.000000 3024.dat
1 25 -48.670450 -59.553300 140.000400 0.000000 -0.342010 0.939668 0.000000 0.939665 0.342009 -1.000004 0.000000 0.000000 2412b.dat
1 19 -76.860480 -69.813530 150.000300 -0.939668 -0.342010 0.000000 -0.342009 0.939665 0.000000 0.000000 0.000000 -1.000004 2436a.dat
1 25 -80.279720 -60.416620 172.000600 0.939670 0.000000 -0.342010 0.342010 0.000000 0.939665 0.000000 -1.000005 0.000000 2540.dat
1 8 -108.469800 -70.676880 172.000700 -0.939670 -0.000001 0.342010 -0.342010 0.000000 -0.939665 0.000000 -1.000005 0.000000 6141.dat
1 8 -52.089680 -50.156340 172.000700 -0.939670 -0.000001 0.342010 -0.342010 0.000000 -0.939665 0.000000 -1.000005 0.000000 6141.dat
1 7 -80.279710 -60.416620 180.000700 -0.939670 -0.000001 0.342010 -0.342010 0.000000 -0.939665 0.000000 -1.000005 0.000000 3710.dat
1 8 -54.646140 -72.369690 170.000600 0.341999 -0.939670 0.002857 -0.939633 -0.342010 -0.007850 0.008354 0.000000 -0.999969 2335.dat
1 25 -80.279710 -60.416620 188.000700 0.939670 0.000000 -0.342011 0.342010 0.000000 0.939665 0.000000 -1.000005 0.000000 2412b.dat
1 8 -52.089680 -50.156340 204.000900 -0.939670 -0.000001 0.342010 -0.342010 0.000000 -0.939665 0.000000 -1.000005 0.000000 3062b.dat
1 19 -74.124330 -77.330840 140.000500 0.939668 -0.342010 0.000000 0.342009 0.939665 0.000000 0.000000 0.000000 1.000004 3068bps1.dat
1 8 -58.067040 -62.973340 19.999780 0.939668 -0.342010 0.000000 0.342009 0.939665 0.000000 0.000000 0.000000 1.000004 30359a.dat
1 8 -55.331050 -70.490670 79.999950 0.000000 -0.342010 -0.939668 0.000000 0.939665 -0.342009 1.000004 0.000000 0.000000 2431.dat
1 8 -179.999900 -32.000040 120.000100 0.000000 0.000000 -1.000005 0.000000 1.000000 0.000000 1.000004 0.000000 0.000000 3022.dat
1 7 -189.999900 -80.000070 120.000100 0.000000 0.000000 -1.000005 0.000000 1.000000 0.000000 1.000004 0.000000 0.000000 4864b.dat
1 7 -169.999900 -79.999880 120.000300 0.000000 0.000000 1.000003 0.000000 1.000000 0.000000 -1.000004 0.000000 0.000000 4864b.dat
1 25 -179.999900 -88.000110 130.000500 -1.000005 0.000000 0.000000 0.000000 1.000000 0.000000 0.000000 0.000000 -1.000004 2412b.dat
1 0 -179.999700 -111.999900 110.000300 1.000004 0.000000 0.000000 0.000000 1.000000 0.000000 0.000000 0.000000 1.000003 2432.dat
1 383 58.358760 -76.918280 15.807100 1.000004 0.000000 0.000000 0.000000 0.968766 -0.247976 0.000000 0.247977 0.968770 577b.dat
1 43 58.358760 -154.419600 -4.031100 1.000004 0.000000 0.000000 0.000000 0.968766 -0.247976 0.000000 0.247977 0.968770 30374.dat
1 0 316.273300 -73.831140 2.327230 0.040872 0.017062 -0.999019 -0.500644 0.865635 -0.005699 0.864688 0.500386 0.043923 4360.dat
1 8 365.127100 -34.124930 29.197990 0.021842 -0.996742 -0.077643 0.853575 -0.021842 0.520513 -0.520513 -0.077643 0.850316 30304.dat
1 0 -180.000000 -24.000020 120.000100 0.000000 0.000000 -1.000004 0.000000 1.000000 0.000000 1.000004 0.000000 0.000000 3068b.dat
0 STEP
