0 6040 Blacksmith Shop
0 SetNumber: 6040
0 Name: Blacksmith Shop
0 Author: Kristopher Wilson
1 0 -16.999840 -48.000000 -68.000000 0.000000 0.000000 -1.000000 0.000000 1.000000 0.000000 1.000000 0.000000 0.000000 3815c01.dat
1 1 -5.999860 -180.000000 -17.000030 1.000000 0.000000 0.000000 0.000000 1.000000 0.000000 0.000000 0.000000 1.000000 3816.dat
1 1 -5.999860 -180.000000 -17.000030 1.000000 0.000000 0.000000 0.000000 1.000000 0.000000 0.000000 0.000000 1.000000 3817.dat
1 0 -5.999860 -192.000000 -17.000030 1.000000 0.000000 0.000000 0.000000 1.000000 0.000000 0.000000 0.000000 1.000000 3815.dat
1 14 -17.000520 -80.000000 -68.000100 0.000000 0.000000 -1.000011 0.000000 1.000000 0.000000 1.000011 0.000000 0.000000 973.dat
1 4 -5.999860 -224.000000 -17.000030 1.000000 0.000000 0.000000 0.000000 1.000000 0.000000 0.000000 0.000000 1.000000 973p42.dat
1 14 -17.000480 -71.124330 -52.528800 0.000001 0.000000 -1.000011 -0.170671 0.985328 0.000000 0.985339 0.170672 0.000001 3819.dat
1 14 -17.000500 -71.092830 -83.574620 0.000000 0.000000 -1.000011 0.169703 0.985495 0.000000 0.985506 -0.169705 0.000000 3818.dat
1 0 -7.499980 -53.216950 -91.728160 0.120000 -0.696856 -0.707112 0.048984 0.715542 -0.696850 0.991576 0.048985 0.120000 3820.dat
1 0 -6.999980 -53.256440 -44.359420 -0.120683 -0.696738 -0.707112 -0.049255 0.715638 -0.696732 0.991479 -0.049255 -0.120683 3820.dat
1 6 -17.000500 -82.000000 -68.000030 0.000000 0.000000 1.000011 0.000000 1.000000 0.000000 -1.000011 0.000000 0.000000 4524.dat
1 1 9.471910 -215.124300 -17.000030 0.985328 0.170671 0.000000 -0.170671 0.985328 0.000000 0.000000 0.000000 1.000000 3819.dat
1 1 -21.574480 -215.092800 -17.000030 0.985495 -0.148426 -0.082274 0.169703 0.861933 0.477778 0.000000 -0.484810 0.874620 3818.dat
1 14 -28.540440 -204.103500 -34.520320 0.998884 0.006479 0.046777 0.006479 0.962377 -0.271639 -0.046777 0.271639 0.961262 3820.dat
1 14 17.641300 -197.256400 -27.000040 0.991468 -0.049255 -0.120682 -0.049255 0.715638 -0.696732 0.120682 0.696732 0.707107 3820.dat
1 0 -17.000520 -106.360000 -68.000100 0.000000 0.000000 -1.000011 0.000000 1.000000 0.000000 1.000011 0.000000 0.000000 4505a.dat
1 14 -17.000520 -106.360000 -68.000100 0.000000 0.000000 -1.000011 0.000000 1.000000 0.000000 1.000011 0.000000 0.000000 3626ap01.dat
1 14 -5.999860 -248.000000 -17.000030 1.000000 0.000000 0.000000 0.000000 1.000000 0.000000 0.000000 0.000000 1.000000 3626ap01.dat
1 8 -5.999860 -248.000000 -17.000030 1.000000 0.000000 0.000000 0.000000 1.000000 0.000000 0.000000 0.000000 1.000000 3844.dat
1 0 19.125560 -58.187200 -94.704860 -0.077212 -0.850442 0.520396 0.021714 0.520390 0.853653 -0.996790 0.077212 -0.021714 4522.dat
1 0 -29.299060 -215.400700 -52.285100 -0.004807 0.017876 -0.999829 -0.501525 0.864958 0.017876 0.865130 0.501525 0.004807 3848.dat
1 0 -315.000000 -57.000000 -100.000000 0.000000 0.000000 -1.000000 0.000000 1.000000 0.000000 1.000000 0.000000 0.000000 4493c01.dat
1 0 -314.999800 -81.000000 -99.999950 0.000000 0.000000 -1.000001 0.000000 1.000000 0.000000 1.000001 0.000000 0.000000 3004.dat
1 0 -314.999800 -89.000000 -99.999950 0.000000 0.000000 -1.000001 0.000000 1.000000 0.000000 1.000001 0.000000 0.000000 3023.dat
1 4 -125.999900 -32.000000 -38.000070 1.000000 0.000000 0.000000 0.000000 1.000000 0.000000 0.000000 0.000000 1.000000 3010.dat
1 4 -156.000000 -32.000000 -68.000020 0.000000 0.000000 1.000000 0.000000 1.000000 0.000000 -1.000000 0.000000 0.000000 3004.dat
1 4 -95.999870 -32.000000 -68.000020 0.000000 0.000000 1.000000 0.000000 1.000000 0.000000 -1.000000 0.000000 0.000000 3004.dat
1 4 -156.000000 -40.000000 -48.000110 0.000000 0.000000 1.000000 0.000000 1.000000 0.000000 -1.000000 0.000000 0.000000 3023.dat
1 4 -95.999870 -40.000000 -48.000090 0.000000 0.000000 1.000000 0.000000 1.000000 0.000000 -1.000000 0.000000 0.000000 3023.dat
1 4 -125.999900 -40.000000 -38.000070 -1.000000 0.000000 0.000000 0.000000 1.000000 0.000000 0.000000 0.000000 -1.000000 3023.dat
1 4 -115.999900 -48.000000 -48.000090 1.000000 0.000000 0.000000 0.000000 1.000000 0.000000 0.000000 0.000000 1.000000 3021.dat
1 0 -146.000000 -56.000000 -48.000090 -1.000000 0.000000 0.000000 0.000000 1.000000 0.000000 0.000000 0.000000 -1.000000 4488.dat
1 4 -115.999900 -56.000000 -48.000090 0.000000 0.000000 1.000000 0.000000 1.000000 0.000000 -1.000000 0.000000 0.000000 3023.dat
1 7 -95.999860 -56.000000 -38.000070 0.000000 0.000000 -1.000000 0.000000 1.000000 0.000000 1.000000 0.000000 0.000000 4085a.dat
1 7 -95.999870 -56.000000 -58.000100 0.000000 0.000000 -1.000000 0.000000 1.000000 0.000000 1.000000 0.000000 0.000000 4085a.dat
1 4 -115.999900 -128.000000 -38.000060 0.000000 0.000000 -1.000000 0.000000 1.000000 0.000000 1.000000 0.000000 0.000000 4460a.dat
1 4 -136.000000 -128.000000 -38.000070 0.000000 0.000000 1.000000 0.000000 1.000000 0.000000 -1.000000 0.000000 0.000000 4460a.dat
1 4 -115.999800 -128.000000 -58.000100 1.000000 0.000000 0.000000 0.000000 1.000000 0.000000 0.000000 0.000000 1.000000 3685.dat
1 4 -136.000000 -128.000000 -58.000100 0.000000 0.000000 1.000000 0.000000 1.000000 0.000000 -1.000000 0.000000 0.000000 3685.dat
1 4 -125.999900 -56.000000 -78.000030 1.000000 0.000000 0.000000 0.000000 1.000000 0.000000 0.000000 0.000000 1.000000 3659.dat
1 4 -125.999900 -136.000000 -38.000060 0.000000 0.000000 1.000000 0.000000 1.000000 0.000000 -1.000000 0.000000 0.000000 3021.dat
1 4 -125.999900 -144.000000 -38.000070 0.000000 0.000000 1.000000 0.000000 1.000000 0.000000 -1.000000 0.000000 0.000000 3021.dat
1 2 -46.000140 -8.000000 -48.000280 -1.000000 0.000000 0.000000 0.000000 1.000000 0.000000 0.000000 0.000000 -1.000000 3028.dat
1 2 -196.000000 -8.000000 -8.000030 -1.000000 0.000000 0.000000 0.000000 1.000000 0.000000 0.000000 0.000000 -1.000000 3021.dat
1 7 -216.000100 -32.000000 -8.000040 0.000000 0.000000 -1.000000 0.000000 1.000000 0.000000 1.000000 0.000000 0.000000 3700.dat
1 7 -125.999900 -32.000000 1.999960 -1.000000 0.000000 0.000000 0.000000 1.000000 0.000000 0.000000 0.000000 -1.000000 3004.dat
1 7 -25.999830 -32.000000 1.999960 -1.000000 0.000000 0.000000 0.000000 1.000000 0.000000 0.000000 0.000000 -1.000000 3004.dat
1 7 64.000080 -32.000000 -8.000030 0.000000 0.000000 -1.000000 0.000000 1.000000 0.000000 1.000000 0.000000 0.000000 3700.dat
1 7 74.000100 -22.000000 -8.000000 -1.000000 0.000000 0.000000 0.000000 1.000000 0.000000 0.000000 0.000000 -1.000000 3673.dat
1 7 64.000080 -56.000000 -18.000000 -1.000000 0.000000 0.000000 0.000000 1.000000 0.000000 0.000000 0.000000 -1.000000 3005.dat
1 7 64.000080 -80.000000 -18.000000 -1.000000 0.000000 0.000000 0.000000 1.000000 0.000000 0.000000 0.000000 -1.000000 3005.dat
1 7 64.000080 -104.000000 -18.000000 -1.000000 0.000000 0.000000 0.000000 1.000000 0.000000 0.000000 0.000000 -1.000000 3005.dat
1 7 64.000080 -128.000000 -18.000000 -1.000000 0.000000 0.000000 0.000000 1.000000 0.000000 0.000000 0.000000 -1.000000 3005.dat
1 7 64.000080 -152.000000 -18.000000 -1.000000 0.000000 0.000000 0.000000 1.000000 0.000000 0.000000 0.000000 -1.000000 3005.dat
1 7 -216.000100 -56.000000 -18.000050 -1.000000 0.000000 0.000000 0.000000 1.000000 0.000000 0.000000 0.000000 -1.000000 3005.dat
1 7 -216.000100 -80.000000 -18.000050 -1.000000 0.000000 0.000000 0.000000 1.000000 0.000000 0.000000 0.000000 -1.000000 3005.dat
1 7 -216.000100 -104.000000 -18.000050 -1.000000 0.000000 0.000000 0.000000 1.000000 0.000000 0.000000 0.000000 -1.000000 3005.dat
1 7 -216.000100 -128.000000 -18.000050 -1.000000 0.000000 0.000000 0.000000 1.000000 0.000000 0.000000 0.000000 -1.000000 3005.dat
1 7 -216.000100 -152.000000 -18.000050 -1.000000 0.000000 0.000000 0.000000 1.000000 0.000000 0.000000 0.000000 -1.000000 3005.dat
1 7 24.000130 -152.000000 1.999960 -1.000000 0.000000 0.000000 0.000000 1.000000 0.000000 0.000000 0.000000 -1.000000 4444.dat
1 7 -176.000000 -152.000000 1.999960 -1.000000 0.000000 0.000000 0.000000 1.000000 0.000000 0.000000 0.000000 -1.000000 4444.dat
1 7 -75.999860 -152.000000 1.999960 -1.000000 0.000000 0.000000 0.000000 1.000000 0.000000 0.000000 0.000000 -1.000000 4444p01.dat
1 0 -216.000100 -152.000000 1.999960 -1.000000 0.000000 0.000000 0.000000 1.000000 0.000000 0.000000 0.000000 -1.000000 3665.dat
1 0 64.000080 -152.000000 1.999970 -1.000000 0.000000 0.000000 0.000000 1.000000 0.000000 0.000000 0.000000 -1.000000 3665.dat
1 0 -125.999900 -152.000000 1.999960 -1.000000 0.000000 0.000000 0.000000 1.000000 0.000000 0.000000 0.000000 -1.000000 3660.dat
1 0 -25.999830 -152.000000 1.999960 -1.000000 0.000000 0.000000 0.000000 1.000000 0.000000 0.000000 0.000000 -1.000000 3660.dat
1 7 24.000130 -152.000000 -18.000030 1.000000 0.000000 0.000000 0.000000 1.000000 0.000000 0.000000 0.000000 1.000000 3623.dat
1 7 -105.999900 -152.000000 -18.000030 1.000000 0.000000 0.000000 0.000000 1.000000 0.000000 0.000000 0.000000 1.000000 4477.dat
1 1 44.000120 -32.000000 -58.000040 -1.000000 0.000000 0.000000 0.000000 1.000000 0.000000 0.000000 0.000000 -1.000000 3665.dat
1 1 44.000140 -32.000000 -77.999940 1.000000 0.000000 0.000000 0.000000 1.000000 0.000000 0.000000 0.000000 1.000000 3665.dat
1 1 44.000160 -40.000000 -67.999970 0.000000 0.000000 1.000000 0.000000 1.000000 0.000000 -1.000000 0.000000 0.000000 3710.dat
1 1 44.000160 -48.000000 -67.999970 0.000000 0.000000 1.000000 0.000000 1.000000 0.000000 -1.000000 0.000000 0.000000 3710.dat
1 1 44.000120 -56.000000 -48.000030 0.000000 0.000000 1.000000 0.000000 1.000000 0.000000 -1.000000 0.000000 0.000000 3069b.dat
1 1 44.000160 -56.000000 -87.999940 0.000000 0.000000 1.000000 0.000000 1.000000 0.000000 -1.000000 0.000000 0.000000 3794a.dat
1 7 -216.000100 -160.000000 1.999930 0.000000 0.000000 1.000000 0.000000 1.000000 0.000000 -1.000000 0.000000 0.000000 3623.dat
1 7 14.000140 -160.000000 11.999980 1.000000 0.000000 0.000000 0.000000 1.000000 0.000000 0.000000 0.000000 1.000000 3795.dat
1 7 -125.999900 -160.000000 11.999980 1.000000 0.000000 0.000000 0.000000 1.000000 0.000000 0.000000 0.000000 1.000000 3034.dat
1 7 64.000080 -160.000000 -18.000000 1.000000 0.000000 0.000000 0.000000 1.000000 0.000000 0.000000 0.000000 1.000000 3024.dat
1 7 44.000140 -184.000000 21.999960 1.000000 0.000000 0.000000 0.000000 1.000000 0.000000 0.000000 0.000000 1.000000 3622.dat
1 7 64.000080 -184.000000 -8.000000 0.000000 0.000000 1.000000 0.000000 1.000000 0.000000 -1.000000 0.000000 0.000000 3004.dat
1 7 -216.000100 -184.000000 -8.000060 0.000000 0.000000 1.000000 0.000000 1.000000 0.000000 -1.000000 0.000000 0.000000 3004.dat
1 7 -45.999860 -184.000000 21.999960 1.000000 0.000000 0.000000 0.000000 1.000000 0.000000 0.000000 0.000000 1.000000 3009.dat
1 7 -166.000000 -184.000000 21.999960 1.000000 0.000000 0.000000 0.000000 1.000000 0.000000 0.000000 0.000000 1.000000 3009.dat
1 7 -216.000100 -208.000000 11.999980 0.000000 0.000000 1.000000 0.000000 1.000000 0.000000 -1.000000 0.000000 0.000000 3004.dat
1 7 -166.000000 -208.000000 21.999980 -1.000000 0.000000 0.000000 0.000000 1.000000 0.000000 0.000000 0.000000 -1.000000 3004.dat
1 7 -105.999900 -208.000000 21.999960 -1.000000 0.000000 0.000000 0.000000 1.000000 0.000000 0.000000 0.000000 -1.000000 3004.dat
1 7 64.000080 -208.000000 12.000010 0.000000 0.000000 -1.000000 0.000000 1.000000 0.000000 1.000000 0.000000 0.000000 3004.dat
1 7 14.000140 -208.000000 21.999960 1.000000 0.000000 0.000000 0.000000 1.000000 0.000000 0.000000 0.000000 1.000000 3004.dat
1 7 -45.999860 -208.000000 21.999960 1.000000 0.000000 0.000000 0.000000 1.000000 0.000000 0.000000 0.000000 1.000000 3004.dat
1 4 -125.999900 -168.000000 -48.000090 1.000000 0.000000 0.000000 0.000000 1.000000 0.000000 0.000000 0.000000 1.000000 3003.dat
1 4 -125.999900 -192.000000 -48.000090 1.000000 0.000000 0.000000 0.000000 1.000000 0.000000 0.000000 0.000000 1.000000 3003.dat
1 4 -125.999900 -216.000000 -48.000090 1.000000 0.000000 0.000000 0.000000 1.000000 0.000000 0.000000 0.000000 1.000000 3003.dat
1 0 -136.000000 -240.000000 -38.000070 1.000000 0.000000 0.000000 0.000000 1.000000 0.000000 0.000000 0.000000 1.000000 3062b.dat
1 0 -115.999900 -240.000000 -38.000070 1.000000 0.000000 0.000000 0.000000 1.000000 0.000000 0.000000 0.000000 1.000000 3062b.dat
1 0 -115.999900 -240.000000 -58.000100 1.000000 0.000000 0.000000 0.000000 1.000000 0.000000 0.000000 0.000000 1.000000 3062b.dat
1 0 -136.000000 -240.000000 -58.000100 1.000000 0.000000 0.000000 0.000000 1.000000 0.000000 0.000000 0.000000 1.000000 3062b.dat
1 6 -176.000000 -51.000000 -48.000090 0.000000 0.000001 1.000000 0.000000 -1.000000 0.000001 1.000000 0.000000 0.000000 4489a.dat
1 6 -75.999870 -48.590000 -58.000110 0.000000 0.000000 -1.000000 0.000000 1.000000 0.000000 1.000000 0.000000 0.000000 4496.dat
