0 6040 Blacksmith Shop ALT
0 SetNumber: 6040
0 Name: Blacksmith Shop ALT
0 Author: Kristopher Wilson
1 0 184.000500 -97.000060 -260.000700 0.000000 0.000000 1.000003 0.000001 1.000000 0.000000 -1.000003 0.000000 0.000000 3815c01.dat
1 1 -80.000040 -228.000000 -29.000060 1.000000 0.000000 0.000000 0.000000 1.000000 0.000000 0.000000 0.000000 1.000000 3816.dat
1 1 -80.000040 -228.000000 -29.000060 1.000000 0.000000 0.000000 0.000000 1.000000 0.000000 0.000000 0.000000 1.000000 3817.dat
1 0 -80.000040 -240.000000 -29.000060 1.000000 0.000000 0.000000 0.000000 1.000000 0.000000 0.000000 0.000000 1.000000 3815.dat
1 14 184.001200 -129.000000 -260.000500 0.000000 0.000000 1.000014 0.000001 1.000000 0.000000 -1.000013 0.000000 0.000000 973.dat
1 4 -80.000040 -272.000000 -29.000060 1.000000 0.000000 0.000000 0.000000 1.000000 0.000000 0.000000 0.000000 1.000000 973p42.dat
1 14 184.001100 -120.124400 -275.472100 0.000000 0.000000 1.000012 -0.170670 0.985332 0.000000 -0.985342 -0.170672 0.000000 3819.dat
1 14 184.001200 -120.092900 -244.425900 0.000000 -0.500004 0.866038 0.169704 0.853463 0.492754 -0.985509 0.146969 0.084852 3818.dat
1 0 166.273400 -109.407000 -237.510400 -0.043924 0.255069 0.965934 0.005698 0.966909 -0.255059 -0.999032 -0.005699 -0.043924 3820.dat
1 0 174.000800 -102.256500 -283.641200 0.120684 0.696739 0.707114 -0.049254 0.715637 -0.696731 -0.991482 0.049256 0.120684 3820.dat
1 1 -64.528270 -263.124300 -29.000060 0.985328 0.170671 0.000000 -0.170671 0.985328 0.000000 0.000000 0.000000 1.000000 3819.dat
1 1 -95.574650 -263.092800 -29.000060 0.985495 -0.148426 -0.082274 0.169703 0.861933 0.477778 0.000000 -0.484810 0.874620 3818.dat
1 14 -102.540600 -252.103500 -46.520400 0.998884 0.006479 0.046777 0.006479 0.962377 -0.271639 -0.046777 0.271639 0.961262 3820.dat
1 14 -56.359040 -245.256400 -39.000100 0.991469 -0.049255 -0.120682 -0.049255 0.715638 -0.696732 0.120682 0.696732 0.707107 3820.dat
1 0 184.001200 -153.000000 -260.000600 0.000000 0.000000 1.000003 0.000000 1.000000 0.000000 -1.000003 0.000000 0.000000 4505a.dat
1 14 184.001200 -153.000000 -260.000600 0.000000 0.000000 1.000003 0.000000 1.000000 0.000000 -1.000003 0.000000 0.000000 3626ap01.dat
1 14 -80.000040 -296.000000 -29.000060 1.000000 0.000000 0.000000 0.000000 1.000000 0.000000 0.000000 0.000000 1.000000 3626ap01.dat
1 8 -80.000040 -296.000000 -29.000060 1.000000 0.000000 0.000000 0.000000 1.000000 0.000000 0.000000 0.000000 1.000000 3844.dat
1 0 -103.299200 -263.400700 -64.285100 -0.004807 0.017876 -0.999829 -0.501525 0.864958 0.017876 0.865130 0.501525 0.004807 3848.dat
1 0 34.999850 -57.000000 -260.000300 0.000001 0.000000 1.000000 0.000000 1.000000 0.000000 -1.000000 0.000000 0.000001 4493c01.dat
1 0 203.000100 -49.000000 -260.000900 0.000001 0.000000 1.000006 0.000000 1.000000 0.000000 -1.000006 0.000000 0.000001 3023.dat
1 4 203.000100 -81.000000 -260.001000 0.000000 0.000000 1.000006 0.000000 1.000000 0.000000 -1.000006 0.000000 0.000000 3010.dat
1 4 172.999800 -81.000000 -230.000500 -1.000006 0.000000 0.000000 0.000000 1.000000 0.000000 0.000000 0.000000 -1.000006 3004.dat
1 4 172.999800 -81.000000 -290.001200 -1.000006 0.000000 0.000000 0.000000 1.000000 0.000000 0.000000 0.000000 -1.000006 3004.dat
1 4 34.999560 -65.000000 -260.000900 0.000000 0.000000 1.000006 0.000000 1.000000 0.000000 -1.000006 0.000000 0.000000 3023.dat
1 4 34.999500 -82.000000 -260.000900 0.000000 0.000000 1.000006 0.000000 1.000000 0.000000 -1.000006 0.000000 0.000000 3023.dat
1 4 203.000100 -57.000000 -260.000900 0.000000 0.000000 -1.000006 0.000000 1.000000 0.000000 1.000006 0.000000 0.000000 3023.dat
1 4 -110.000000 -200.000000 -40.000070 1.000000 0.000000 0.000000 0.000000 1.000000 0.000000 0.000000 0.000000 1.000000 3021.dat
1 0 172.999800 -49.000000 -280.001000 0.000000 0.000000 1.000006 0.000000 1.000000 0.000000 -1.000006 0.000000 0.000000 4488.dat
1 4 34.999500 -90.000000 -260.000900 0.000000 0.000000 1.000006 0.000000 1.000000 0.000000 -1.000006 0.000000 0.000000 3023.dat
1 7 -110.000000 -56.000000 -69.999980 -1.000000 0.000000 0.000000 0.000000 1.000000 0.000000 0.000000 0.000000 -1.000000 4085a.dat
1 4 -50.000160 -80.000000 -69.999980 1.000000 0.000000 0.000000 0.000000 1.000000 0.000000 0.000000 0.000000 1.000000 4460a.dat
1 4 -130.000300 -80.000000 -69.999980 1.000000 0.000000 0.000000 0.000000 1.000000 0.000000 0.000000 0.000000 1.000000 4460a.dat
1 4 -30.000080 -80.000000 -69.999980 1.000000 0.000000 0.000000 0.000000 1.000000 0.000000 0.000000 0.000000 1.000000 3685.dat
1 4 -150.000300 -80.000000 -69.999980 0.000000 0.000000 1.000000 0.000000 1.000000 0.000000 -1.000000 0.000000 0.000000 3685.dat
1 4 142.999700 -81.000000 -260.001000 0.000000 0.000000 1.000006 0.000000 1.000000 0.000000 -1.000006 0.000000 0.000000 3659.dat
1 4 -60.000180 -200.000000 -30.000000 0.000000 0.000000 1.000000 0.000000 1.000000 0.000000 -1.000000 0.000000 0.000000 3021.dat
1 4 182.999800 -41.000000 -260.000900 -1.000006 0.000000 0.000000 0.000000 1.000000 0.000000 0.000000 0.000000 -1.000006 3021.dat
1 2 -100.000000 -8.000000 -40.000010 -1.000000 0.000000 0.000000 0.000000 1.000000 0.000000 0.000000 0.000000 -1.000000 3028.dat
1 7 -30.000080 -32.000000 -20.000010 0.000000 0.000000 -1.000000 0.000000 1.000000 0.000000 1.000000 0.000000 0.000000 3700.dat
1 7 -140.000300 -248.000000 -89.999980 -1.000000 0.000000 0.000000 0.000000 1.000000 0.000000 0.000000 0.000000 -1.000000 3004.dat
1 7 -150.000300 -248.000000 -20.000040 0.000000 0.000000 -1.000000 0.000000 1.000000 0.000000 1.000000 0.000000 0.000000 3004.dat
1 7 -150.000400 -32.000000 -20.000040 0.000000 0.000000 -1.000000 0.000000 1.000000 0.000000 1.000000 0.000000 0.000000 3700.dat
1 7 -89.999980 -248.000000 -90.000010 -1.000000 0.000000 0.000000 0.000000 1.000000 0.000000 0.000000 0.000000 -1.000000 3005.dat
1 7 -30.000080 -248.000000 -70.000010 -1.000000 0.000000 0.000000 0.000000 1.000000 0.000000 0.000000 0.000000 -1.000000 3005.dat
1 7 -150.000300 -248.000000 -69.999950 -1.000000 0.000000 0.000000 0.000000 1.000000 0.000000 0.000000 0.000000 -1.000000 3005.dat
1 7 -30.000090 -224.000000 -30.000030 -1.000000 0.000000 0.000000 0.000000 1.000000 0.000000 0.000000 0.000000 -1.000000 3005.dat
1 7 -30.000100 -80.000000 9.999969 -1.000000 0.000000 0.000000 0.000000 1.000000 0.000000 0.000000 0.000000 -1.000000 3005.dat
1 7 -150.000400 -80.000000 9.999940 -1.000000 0.000000 0.000000 0.000000 1.000000 0.000000 0.000000 0.000000 -1.000000 3005.dat
1 7 -30.000090 -200.000000 -30.000030 0.000000 0.000000 -1.000000 0.000000 1.000000 0.000000 1.000000 0.000000 0.000000 4444.dat
1 7 -150.000400 -200.000000 -30.000030 0.000000 0.000000 1.000000 0.000000 1.000000 0.000000 -1.000000 0.000000 0.000000 4444.dat
1 7 -90.000000 -200.000000 -69.999980 1.000000 0.000000 0.000000 0.000000 1.000000 0.000000 0.000000 0.000000 1.000000 4444p01.dat
1 0 -150.000400 -200.000000 9.999940 0.000000 0.000000 -1.000000 0.000000 1.000000 0.000000 1.000000 0.000000 0.000000 3665.dat
1 0 -30.000090 -200.000000 9.999940 0.000000 0.000000 1.000000 0.000000 1.000000 0.000000 -1.000000 0.000000 0.000000 3665.dat
1 0 -140.000300 -200.000000 -69.999980 1.000000 0.000000 0.000000 0.000000 1.000000 0.000000 0.000000 0.000000 1.000000 3660.dat
1 0 -40.000160 -200.000000 -69.999980 1.000000 0.000000 0.000000 0.000000 1.000000 0.000000 0.000000 0.000000 1.000000 3660.dat
1 7 -89.999980 -48.000000 -69.999980 1.000000 0.000000 0.000000 0.000000 1.000000 0.000000 0.000000 0.000000 1.000000 3623.dat
1 1 172.999800 -57.000000 -290.001200 -1.000006 0.000000 0.000000 0.000000 1.000000 0.000000 0.000000 0.000000 -1.000006 3710.dat
1 1 172.999800 -57.000000 -230.000500 1.000006 0.000000 0.000000 0.000000 1.000000 0.000000 0.000000 0.000000 1.000006 3710.dat
1 7 -89.999980 -40.000000 -69.999980 -1.000000 0.000000 0.000000 0.000000 1.000000 0.000000 0.000000 0.000000 -1.000000 3623.dat
1 7 -89.999980 -56.000000 -69.999980 1.000000 0.000000 0.000000 0.000000 1.000000 0.000000 0.000000 0.000000 1.000000 3024.dat
1 7 -89.999980 -32.000000 -69.999980 1.000000 0.000000 0.000000 0.000000 1.000000 0.000000 0.000000 0.000000 1.000000 3622.dat
1 7 -30.000090 -56.000000 -0.000030 0.000000 0.000000 1.000000 0.000000 1.000000 0.000000 -1.000000 0.000000 0.000000 3004.dat
1 7 -30.000090 -224.000000 -0.000060 0.000000 0.000000 1.000000 0.000000 1.000000 0.000000 -1.000000 0.000000 0.000000 3004.dat
1 7 -80.000000 -224.000000 -90.000010 -1.000000 0.000000 0.000000 0.000000 1.000000 0.000000 0.000000 0.000000 -1.000000 3009.dat
1 7 -150.000300 -224.000000 -40.000010 0.000000 0.000000 1.000000 0.000000 1.000000 0.000000 -1.000000 0.000000 0.000000 3009.dat
1 7 -30.000090 -248.000000 -20.000040 0.000000 0.000000 1.000000 0.000000 1.000000 0.000000 -1.000000 0.000000 0.000000 3004.dat
1 7 -150.000400 -56.000000 -0.000060 0.000000 0.000000 -1.000000 0.000000 1.000000 0.000000 1.000000 0.000000 0.000000 3004.dat
1 7 -150.000300 -56.000000 -40.000040 0.000000 0.000000 -1.000000 0.000000 1.000000 0.000000 1.000000 0.000000 0.000000 3004.dat
1 7 -30.000090 -56.000000 -40.000400 0.000000 0.000000 -1.000000 0.000000 1.000000 0.000000 1.000000 0.000000 0.000000 3004.dat
1 7 -40.000150 -248.000000 -90.000010 1.000000 0.000000 0.000000 0.000000 1.000000 0.000000 0.000000 0.000000 1.000000 3004.dat
1 7 -30.000080 -224.000000 -60.000080 0.000001 0.000000 1.000000 0.000000 1.000000 0.000000 -1.000000 0.000000 0.000001 3004.dat
1 6 172.999800 -44.000000 -210.000200 1.000006 0.000000 0.000000 0.000000 -1.000000 0.000001 0.000000 -0.000001 -1.000006 4489a.dat
1 6 149.790100 -119.057500 -236.840800 -0.028410 0.486629 -0.873151 0.034600 0.873455 0.485673 0.999000 -0.016413 -0.041652 4496.dat
1 0 172.999800 -49.000000 -240.000700 0.000000 0.000000 -1.000006 0.000000 1.000000 0.000000 1.000006 0.000000 0.000000 4488.dat
1 0 173.000500 -57.000000 -260.000600 0.000000 0.000000 1.000003 0.000000 1.000000 0.000000 -1.000003 0.000000 0.000000 4508c01.dat
1 4 132.999800 -53.000000 -260.000900 1.000006 0.000000 0.000000 0.000000 1.000000 0.000000 0.000000 0.000000 1.000006 4587.dat
1 6 172.999800 -44.000000 -310.001300 1.000006 0.000000 0.000000 0.000000 1.000000 0.000000 0.000000 0.000000 1.000006 4489a.dat
1 7 -150.000300 -32.000000 9.999940 -1.000000 0.000000 0.000000 0.000000 1.000000 0.000000 0.000000 0.000000 -1.000000 3005.dat
1 7 -30.000090 -32.000000 9.999610 -1.000002 0.000000 0.000000 0.000000 1.000000 0.000000 0.000000 0.000000 -1.000002 3005.dat
1 7 -150.000300 -32.000000 -50.000040 -1.000000 0.000000 0.000000 0.000000 1.000000 0.000000 0.000000 0.000000 -1.000000 3005.dat
1 7 -30.000080 -32.000000 -50.000440 -1.000002 0.000000 0.000000 0.000000 1.000000 0.000000 0.000000 0.000000 -1.000002 3005.dat
1 7 -70.000000 -56.000000 -69.999980 -1.000000 0.000000 0.000000 0.000000 1.000000 0.000000 0.000000 0.000000 -1.000000 4085a.dat
