0 FILE 40122 Trick or Treat
0 40122 Trick or Treat
0 SetNumber: 40122
0 Name: Trick or Treat
0 ReleaseYear: 2015
0 Theme: Seasonal
0 Author: Kristopher Wilson
0 CustomBrick
0 FlexibleBrickControlPointUnitLength -1
0 FlexibleBrickLockedControlPoint
0 _stepReady: true
1 16 -10.095690 -19.844460 -248.060700 1.000000 0.000000 0.000000 0.000000 1.000000 0.000000 0.000000 0.000000 1.000000 house
0 STEP
1 16 -244.227900 -17.177820 -301.561100 1.000000 0.000000 0.000000 0.000000 1.000000 0.000000 0.000000 0.000000 1.000000 tree
0 STEP
1 16 -10.000000 -59.844500 -199.999900 1.000000 0.000000 0.000000 0.000000 1.000000 0.000000 0.000000 0.000000 1.000000 skeleton
0 STEP
1 16 -52.610500 0.000020 -438.707000 0.707106 0.000000 -0.707107 0.000000 1.000000 0.000000 0.707107 0.000000 0.707106 witch
0 STEP
0 NOFILE
0 FILE House
0 House
0 Name:  House
0 Author:  
0 CustomBrick
0 FlexibleBrickControlPointUnitLength -1
0 FlexibleBrickLockedControlPoint 
0 NumOfBricks:  102
1 72 70.095740 -8.000030 -21.939280 0.000000 0.000000 -1.000000 0.000000 1.000000 0.000000 1.000000 0.000000 0.000000 3666.dat
1 72 -69.904280 -8.000000 -21.939280 0.000000 0.000000 -1.000000 0.000000 1.000000 0.000000 1.000000 0.000000 0.000000 3666.dat
1 72 0.095710 -8.000040 48.060800 -1.000000 0.000000 0.000000 0.000000 1.000000 0.000000 0.000000 0.000000 -1.000000 3460.dat
1 72 0.095710 -8.000030 -91.939290 -1.000000 0.000000 0.000000 0.000000 1.000000 0.000000 0.000000 0.000000 -1.000000 3460.dat
0 STEP
1 288 40.095690 -16.000020 -21.939280 0.000000 0.000000 1.000000 0.000000 1.000000 0.000000 -1.000000 0.000000 0.000000 3035.dat
1 288 -39.904290 -16.000000 -21.939280 0.000000 0.000000 1.000000 0.000000 1.000000 0.000000 -1.000000 0.000000 0.000000 3035.dat
0 STEP
1 0 -69.904300 -24.000000 18.060780 0.000000 0.000000 1.000000 0.000000 1.000000 0.000000 -1.000000 0.000000 0.000000 3710.dat
1 0 70.095720 -24.000030 18.060750 0.000000 0.000000 1.000000 0.000000 1.000000 0.000000 -1.000000 0.000000 0.000000 3710.dat
1 72 0.095700 -24.000030 48.060800 1.000000 0.000000 0.000000 0.000000 1.000000 0.000000 0.000000 0.000000 1.000000 3666.dat
1 72 0.095700 -24.000030 -11.939280 1.000000 0.000000 0.000000 0.000000 1.000000 0.000000 0.000000 0.000000 1.000000 3666.dat
0 STEP
1 71 0.095700 -24.000020 -41.939290 1.000000 0.000000 0.000000 0.000000 1.000000 0.000000 0.000000 0.000000 1.000000 3020.dat
1 71 -9.904290 -24.000010 -71.939280 1.000000 0.000000 0.000000 0.000000 1.000000 0.000000 0.000000 0.000000 1.000000 98138.dat
1 71 10.095710 -24.000020 -91.939290 1.000000 0.000000 0.000000 0.000000 1.000000 0.000000 0.000000 0.000000 1.000000 98138.dat
0 STEP
1 85 -69.904300 -32.000000 18.060780 0.000000 0.000000 1.000000 0.000000 1.000000 0.000000 -1.000000 0.000000 0.000000 3023b.dat
1 85 70.095720 -32.000040 18.060750 0.000000 0.000000 1.000000 0.000000 1.000000 0.000000 -1.000000 0.000000 0.000000 3023b.dat
1 0 -39.904320 -32.000030 48.060800 1.000000 0.000000 0.000000 0.000000 1.000000 0.000000 0.000000 0.000000 1.000000 3710.dat
1 0 40.095700 -32.000040 48.060780 1.000000 0.000000 0.000000 0.000000 1.000000 0.000000 0.000000 0.000000 1.000000 3710.dat
1 0 40.095700 -32.000040 -11.939280 1.000000 0.000000 0.000000 0.000000 1.000000 0.000000 0.000000 0.000000 1.000000 3710.dat
1 0 -39.904330 -32.000030 -11.939280 1.000000 0.000000 0.000000 0.000000 1.000000 0.000000 0.000000 0.000000 1.000000 3710.dat
0 STEP
1 71 0.095700 -32.000030 -31.939280 1.000000 0.000000 0.000000 0.000000 1.000000 0.000000 0.000000 0.000000 1.000000 3710.dat
1 72 20.095710 -32.000030 -51.939280 1.000000 0.000000 0.000000 0.000000 1.000000 0.000000 0.000000 0.000000 1.000000 15573.dat
1 70 -19.904320 -32.000030 -51.939280 1.000000 0.000000 0.000000 0.000000 1.000000 0.000000 0.000000 0.000000 1.000000 3069b.dat
0 STEP
1 72 0.095690 -40.000040 38.060810 1.000000 0.000000 0.000000 0.000000 1.000000 0.000000 0.000000 0.000000 1.000000 3034.dat
1 70 0.095690 -40.000040 -1.939290 1.000000 0.000000 0.000000 0.000000 1.000000 0.000000 0.000000 0.000000 1.000000 3034.dat
1 70 20.095710 -40.000030 -31.939280 1.000000 0.000000 0.000000 0.000000 1.000000 0.000000 0.000000 0.000000 1.000000 3069b.dat
1 72 -19.904320 -40.000030 -31.939280 1.000000 0.000000 0.000000 0.000000 1.000000 0.000000 0.000000 0.000000 1.000000 3069b.dat
0 STEP
1 72 0.095690 -48.000040 -11.939280 1.000000 0.000000 0.000000 0.000000 1.000000 0.000000 0.000000 0.000000 1.000000 2431.dat
1 28 -69.904360 -64.000040 38.060810 0.000000 0.000000 1.000000 0.000000 1.000000 0.000000 -1.000000 0.000000 0.000000 98283.dat
1 28 70.095740 -64.000040 38.060780 0.000000 0.000000 -1.000000 0.000000 1.000000 0.000000 1.000000 0.000000 0.000000 98283.dat
1 15 -49.904340 -64.000040 28.060810 1.000000 0.000000 0.000000 0.000000 1.000000 0.000000 0.000000 0.000000 1.000000 3005.dat
1 15 50.095710 -64.000040 28.060780 1.000000 0.000000 0.000000 0.000000 1.000000 0.000000 0.000000 0.000000 1.000000 3005.dat
0 STEP
1 70 -69.904360 -64.000040 8.060750 1.000000 0.000000 0.000000 0.000000 1.000000 0.000000 0.000000 0.000000 1.000000 59900.dat
1 70 -69.904360 -64.000040 -11.939280 1.000000 0.000000 0.000000 0.000000 1.000000 0.000000 0.000000 0.000000 1.000000 59900.dat
1 70 -49.904340 -64.000040 -11.939280 1.000000 0.000000 0.000000 0.000000 1.000000 0.000000 0.000000 0.000000 1.000000 59900.dat
1 70 50.095710 -64.000040 -11.939280 1.000000 0.000000 0.000000 0.000000 1.000000 0.000000 0.000000 0.000000 1.000000 59900.dat
1 70 70.095730 -64.000040 8.060719 1.000000 0.000000 0.000000 0.000000 1.000000 0.000000 0.000000 0.000000 1.000000 59900.dat
1 70 70.095720 -64.000040 -11.939280 1.000000 0.000000 0.000000 0.000000 1.000000 0.000000 0.000000 0.000000 1.000000 59900.dat
0 STEP
1 71 -69.904360 -72.000050 -11.939280 1.000000 0.000000 0.000000 0.000000 1.000000 0.000000 0.000000 0.000000 1.000000 2420.dat
1 71 70.095730 -72.000050 -11.939280 0.000000 0.000000 -1.000000 0.000000 1.000000 0.000000 1.000000 0.000000 0.000000 2420.dat
1 330 -49.904290 -16.000000 -31.939280 0.819152 0.000000 0.573578 0.000000 1.000000 0.000000 -0.573577 0.000000 0.819152 15279.dat
1 330 50.095720 -16.000030 -31.939280 0.819152 0.000000 -0.573577 0.000000 1.000000 0.000000 0.573577 0.000000 0.819152 15279.dat
0 STEP
1 72 -59.904320 -24.000000 -81.939280 1.000000 0.000000 0.000000 0.000000 1.000000 0.000000 0.000000 0.000000 1.000000 3022.dat
1 85 -69.904340 -32.000010 -81.939280 0.000000 0.000000 1.000000 0.000000 1.000000 0.000000 -1.000000 0.000000 0.000000 3023b.dat
1 72 -49.904300 -32.000010 -81.939280 0.000000 0.000000 1.000000 0.000000 1.000000 0.000000 -1.000000 0.000000 0.000000 15573.dat
0 STEP
1 72 -69.904340 -56.000020 -81.939280 0.000000 0.000000 1.000000 0.000000 1.000000 0.000000 -1.000000 0.000000 0.000000 3004.dat
1 191 -50.004710 -40.000010 -82.039720 0.707107 0.000000 0.707107 0.000000 1.000000 0.000000 -0.707107 0.000000 0.707107 33291.dat
1 71 -69.904350 -64.000020 -81.939280 0.000000 0.000000 -1.000000 0.000000 1.000000 0.000000 1.000000 0.000000 0.000000 11476.dat
1 72 -69.904350 -88.000030 -81.939280 1.000000 0.000000 0.000000 0.000000 1.000000 0.000000 0.000000 0.000000 1.000000 3044c.dat
0 STEP
1 15 -49.904320 -62.000020 -81.619310 0.939693 0.000000 0.342020 -0.342020 0.000000 0.939693 0.000000 -1.000000 0.000000 93160.dat
0 STEP
1 15 -69.904360 -88.000060 28.060810 1.000000 0.000000 0.000000 0.000000 1.000000 0.000000 0.000000 0.000000 1.000000 2357.dat
1 15 70.095740 -88.000060 28.060780 0.000000 0.000000 -1.000000 0.000000 1.000000 0.000000 1.000000 0.000000 0.000000 2357.dat
0 STEP
1 85 -59.904360 -96.000060 48.060800 1.000000 0.000000 0.000000 0.000000 1.000000 0.000000 0.000000 0.000000 1.000000 3023b.dat
1 85 60.095740 -96.000060 48.060780 1.000000 0.000000 0.000000 0.000000 1.000000 0.000000 0.000000 0.000000 1.000000 3023b.dat
1 72 -59.904370 -96.000060 28.060810 1.000000 0.000000 0.000000 0.000000 1.000000 0.000000 0.000000 0.000000 1.000000 32028.dat
1 72 60.095730 -96.000060 28.060780 1.000000 0.000000 0.000000 0.000000 1.000000 0.000000 0.000000 0.000000 1.000000 32028.dat
1 15 -69.904360 -120.000100 48.060800 1.000000 0.000000 0.000000 0.000000 1.000000 0.000000 0.000000 0.000000 1.000000 3005.dat
1 484 -69.904360 -120.000100 28.060810 1.000000 0.000000 0.000000 0.000000 1.000000 0.000000 0.000000 0.000000 1.000000 87087.dat
1 15 70.095740 -120.000100 38.060780 0.000000 0.000000 1.000000 0.000000 1.000000 0.000000 -1.000000 0.000000 0.000000 3004.dat
1 85 -69.904380 -110.000100 10.060750 1.000000 0.000000 0.000000 0.000000 0.000000 -1.000000 0.000000 1.000000 0.000000 6141.dat
0 STEP
1 29 -49.904340 -96.000060 48.060800 1.000000 0.000000 0.000000 0.000000 1.000000 0.000000 0.000000 0.000000 1.000000 15470.dat
1 15 -69.904360 -144.000100 38.060810 0.000000 0.000000 1.000000 0.000000 1.000000 0.000000 -1.000000 0.000000 0.000000 3004.dat
1 15 70.095740 -144.000100 38.060780 0.000000 0.000000 1.000000 0.000000 1.000000 0.000000 -1.000000 0.000000 0.000000 3004.dat
1 33 -49.904340 -104.000100 28.060810 1.000000 0.000000 0.000000 0.000000 1.000000 0.000000 0.000000 0.000000 1.000000 3024.dat
1 33 50.095720 -104.000100 28.060780 1.000000 0.000000 0.000000 0.000000 1.000000 0.000000 0.000000 0.000000 1.000000 3024.dat
0 STEP
1 34 -49.904340 -112.000100 28.060810 1.000000 0.000000 0.000000 0.000000 1.000000 0.000000 0.000000 0.000000 1.000000 3024.dat
1 34 50.095720 -112.000100 28.060780 1.000000 0.000000 0.000000 0.000000 1.000000 0.000000 0.000000 0.000000 1.000000 3024.dat
0 STEP
1 52 -49.904340 -136.000100 28.060810 1.000000 0.000000 0.000000 0.000000 1.000000 0.000000 0.000000 0.000000 1.000000 3005.dat
1 52 50.095720 -136.000100 28.060780 1.000000 0.000000 0.000000 0.000000 1.000000 0.000000 0.000000 0.000000 1.000000 3005.dat
0 STEP
1 34 -49.904340 -144.000100 28.060810 1.000000 0.000000 0.000000 0.000000 1.000000 0.000000 0.000000 0.000000 1.000000 3024.dat
1 34 50.095720 -144.000100 28.060780 1.000000 0.000000 0.000000 0.000000 1.000000 0.000000 0.000000 0.000000 1.000000 3024.dat
0 STEP
1 25 70.095730 -96.000060 -11.939280 1.000000 0.000000 0.000000 0.000000 1.000000 0.000000 0.000000 0.000000 1.000000 3626b.dat
1 25 70.095720 -40.000040 -71.939280 1.000000 0.000000 0.000000 0.000000 1.000000 0.000000 0.000000 0.000000 1.000000 3626b.dat
1 10 69.995320 -104.000100 -12.039690 0.707107 0.000000 0.707107 0.000000 1.000000 0.000000 -0.707107 0.000000 0.707107 33291.dat
1 10 69.995310 -48.000040 -72.039690 0.707107 0.000000 0.707107 0.000000 1.000000 0.000000 -0.707107 0.000000 0.707107 33291.dat
1 4 -69.904380 -110.000100 10.060750 -0.866026 0.000000 0.500001 0.500001 0.000000 0.866025 0.000000 1.000000 0.000000 30238.dat
0 STEP
1 72 0.095690 -184.000100 8.060719 -1.000000 0.000000 0.000000 0.000000 1.000000 0.000000 0.000000 0.000000 -1.000000 60596.dat
1 0 -31.904330 -184.000100 2.560710 0.422617 0.000000 0.906309 0.000000 1.000000 0.000000 -0.906309 0.000000 0.422617 60623.dat
1 85 -17.361940 -116.000100 -54.653980 0.422617 0.906309 0.000000 0.000000 0.000000 -1.000000 -0.906309 0.422617 0.000000 6141.dat
1 85 -59.904400 -152.000100 28.060840 0.000001 0.000000 -1.000000 0.000000 1.000000 0.000000 1.000000 0.000000 0.000001 3021.dat
1 85 60.095730 -152.000100 28.060780 0.000001 0.000000 -1.000000 0.000000 1.000000 0.000000 1.000000 0.000000 0.000001 3021.dat
0 STEP
1 0 -59.904380 -176.000100 48.060900 1.000002 0.000000 0.000000 0.000000 1.000000 0.000000 0.000000 0.000000 1.000002 3004.dat
1 0 60.095840 -176.000100 48.061240 1.000008 0.000000 0.000000 0.000000 1.000000 0.000000 0.000000 0.000000 1.000007 3004.dat
1 0 -59.904400 -176.000100 28.060930 1.000002 0.000000 0.000000 0.000000 1.000000 0.000000 0.000000 0.000000 1.000002 3039.dat
1 0 60.095820 -176.000100 28.061080 1.000008 0.000000 0.000000 0.000000 1.000000 0.000000 0.000000 0.000000 1.000007 3039.dat
0 STEP
1 72 0.095550 -184.000100 38.060900 1.000000 0.000000 0.000000 0.000000 1.000000 0.000000 0.000000 0.000000 1.000000 3034.dat
0 STEP
1 0 -49.904480 -208.000100 38.060930 0.000000 0.000000 1.000000 0.000000 1.000000 0.000000 -1.000000 0.000000 0.000000 3039.dat
1 0 50.095560 -208.000100 38.060870 0.000000 0.000000 -1.000000 0.000000 1.000000 0.000000 1.000000 0.000000 0.000000 3039.dat
1 0 -19.904470 -208.000100 48.060930 1.000000 0.000000 0.000000 0.000000 1.000000 0.000000 0.000000 0.000000 1.000000 3004.dat
1 0 20.095560 -208.000100 48.060900 1.000000 0.000000 0.000000 0.000000 1.000000 0.000000 0.000000 0.000000 1.000000 3004.dat
1 0 0.095700 -208.000100 28.060780 1.000000 0.000000 0.000000 0.000000 1.000000 0.000000 0.000000 0.000000 1.000000 3297.dat
0 STEP
1 85 0.095550 -216.000100 48.060930 1.000000 0.000000 0.000000 0.000000 1.000000 0.000000 0.000000 0.000000 1.000000 3023b.dat
1 85 0.095700 -216.000100 28.060780 1.000000 0.000000 0.000000 0.000000 1.000000 0.000000 0.000000 0.000000 1.000000 3023b.dat
1 0 -29.904330 -208.000100 38.060810 0.000000 0.000000 1.000000 0.000000 1.000000 0.000000 -1.000000 0.000000 0.000000 85984.dat
1 0 30.095700 -208.000100 38.060780 0.000000 0.000000 -1.000000 0.000000 1.000000 0.000000 1.000000 0.000000 0.000000 85984.dat
0 STEP
1 0 -9.904320 -216.000100 38.060810 0.000000 0.000000 1.000000 0.000000 1.000000 0.000000 -1.000000 0.000000 0.000000 85984.dat
1 0 10.095700 -216.000100 38.060810 0.000000 0.000000 -1.000000 0.000000 1.000000 0.000000 1.000000 0.000000 0.000000 85984.dat
1 0 -49.904480 -216.000100 38.060930 0.000000 0.000000 1.000000 0.000000 1.000000 0.000000 -1.000000 0.000000 0.000000 15573.dat
1 0 50.095560 -216.000100 38.060870 0.000000 0.000000 1.000000 0.000000 1.000000 0.000000 -1.000000 0.000000 0.000000 15573.dat
0 STEP
1 0 -49.904480 -240.000100 38.060930 1.000000 0.000000 0.000000 0.000000 1.000000 0.000000 0.000000 0.000000 1.000000 59900.dat
1 0 50.095560 -240.000100 38.060870 1.000000 0.000000 0.000000 0.000000 1.000000 0.000000 0.000000 0.000000 1.000000 59900.dat
1 0 -49.904480 -248.000100 38.060930 1.000000 0.000000 0.000000 0.000000 1.000000 0.000000 0.000000 0.000000 1.000000 6141.dat
1 0 50.095560 -248.000100 38.060870 1.000000 0.000000 0.000000 0.000000 1.000000 0.000000 0.000000 0.000000 1.000000 6141.dat
0 STEP
0 NOFILE
0 FILE Tree
0 Tree
0 Name:  Tree
0 Author:  
0 CustomBrick
0 FlexibleBrickControlPointUnitLength -1
0 FlexibleBrickLockedControlPoint 
0 NumOfBricks:  18
1 288 -5.772250 -8.000000 -8.438840 1.000000 0.000000 0.000000 0.000000 1.000000 0.000000 0.000000 0.000000 1.000000 30565.dat
1 0 -35.772250 -56.000020 21.561160 1.000000 0.000000 0.000000 0.000000 1.000000 0.000000 0.000000 0.000000 1.000000 60481.dat
1 0 -15.772250 -56.000020 21.561160 0.000000 0.000000 -1.000001 0.000000 1.000000 0.000000 1.000000 0.000000 0.000000 60481.dat
0 STEP
1 0 -25.772250 -80.000020 21.561160 1.000000 0.000000 0.000000 0.000000 1.000000 0.000000 0.000000 0.000000 1.000000 3004.dat
1 25 4.227770 -32.000010 -18.438840 1.000000 0.000000 0.000000 0.000000 1.000000 0.000000 0.000000 0.000000 1.000000 3626b.dat
1 10 4.127370 -40.000010 -18.539250 0.707107 0.000000 0.707107 0.000000 1.000000 0.000000 -0.707107 0.000000 0.707107 33291.dat
0 STEP
1 0 -35.772250 -128.000000 21.561160 -1.000000 0.000000 0.000000 0.000000 1.000000 0.000000 0.000000 0.000000 -1.000000 88292.dat
1 0 -15.772250 -128.000000 21.561190 0.000000 0.000000 1.000000 0.000000 1.000000 0.000000 -1.000000 0.000000 0.000000 88292.dat
1 85 -25.772250 -112.000000 21.561190 1.000000 0.000000 0.000000 0.000000 1.000000 0.000000 0.000000 0.000000 1.000000 3023b.dat
0 STEP
1 0 -25.772250 -136.000000 21.561160 1.000000 0.000000 0.000000 0.000000 1.000000 0.000000 0.000000 0.000000 1.000000 3004.dat
1 85 -35.772250 -136.000000 1.561160 1.000000 0.000000 0.000000 0.000000 1.000000 0.000000 0.000000 0.000000 1.000000 6141.dat
1 85 4.227770 -136.000000 21.561190 1.000000 0.000000 0.000000 0.000000 1.000000 0.000000 0.000000 0.000000 1.000000 6141.dat
0 STEP
1 330 24.227750 -136.000000 21.561190 0.000000 0.000000 -1.000000 0.000000 1.000000 0.000000 1.000000 0.000000 0.000000 2423.dat
1 330 -35.772250 -136.000000 -18.438840 1.000000 0.000000 0.000000 0.000000 1.000000 0.000000 0.000000 0.000000 1.000000 2423.dat
1 0 -35.772250 -144.000000 1.561160 0.000000 0.000000 1.000000 0.000000 1.000000 0.000000 -1.000000 0.000000 0.000000 3623.dat
1 0 4.227750 -144.000000 21.561190 -1.000000 0.000000 0.000000 0.000000 1.000000 0.000000 0.000000 0.000000 -1.000000 3623.dat
1 330 -35.772280 -152.000100 21.561160 0.707106 0.000000 -0.707108 0.000000 1.000000 0.000000 0.707108 0.000000 0.707106 2423.dat
0 STEP
1 0 -35.772280 -152.000100 21.561190 0.707107 0.000000 -0.707108 0.000000 1.000000 0.000000 0.707108 0.000000 0.707107 30103.dat
0 STEP
0 NOFILE
0 FILE Skeleton
0 Skeleton
0 Name:  Skeleton
0 Author:  
0 CustomBrick
0 FlexibleBrickControlPointUnitLength -1
0 FlexibleBrickLockedControlPoint 
0 NumOfBricks:  6
1 15 10.000010 -28.000010 -0.000020 1.000000 0.000000 0.000000 0.000000 1.000000 0.000000 0.000000 0.000000 1.000000 6266.dat
1 15 -10.000010 -28.000010 -0.000020 1.000000 0.000000 0.000000 0.000000 1.000000 0.000000 0.000000 0.000000 1.000000 6266.dat
1 15 0.000000 -73.000030 -0.000020 -1.000000 0.000000 0.000000 0.000000 1.000000 0.000000 0.000000 0.000000 -1.000000 60115.dat
1 15 18.939270 -65.694430 -0.000020 0.984816 0.173603 0.000000 -0.173603 0.984816 0.000000 0.000000 0.000000 1.000000 93061.dat
1 15 -18.939280 -65.694430 -0.000020 0.984816 -0.173603 0.000000 0.173603 0.984816 0.000000 0.000000 0.000000 1.000000 93061.dat
1 15 0.000000 -96.500030 -0.000020 1.000000 0.000000 0.000000 0.000000 1.000000 0.000000 0.000000 0.000000 1.000000 3626bpaq.dat
0 NOFILE
0 FILE Witch
0 Witch
0 Name:  Witch
0 Author:  
0 CustomBrick
0 FlexibleBrickControlPointUnitLength -1
0 FlexibleBrickLockedControlPoint 
0 NumOfBricks:  11
1 321 -21.878780 -41.177840 -3.961090 0.000000 0.000000 -1.000000 0.000000 1.000000 0.000000 1.000000 0.000000 0.000000 41879b.dat
1 15 -21.878780 -73.177850 -3.961090 -0.000001 0.000000 1.000000 0.000000 1.000000 0.000000 -1.000000 0.000000 -0.000001 973p3o.dat
1 15 -21.878770 -64.270680 11.613530 0.000001 0.424208 -0.905565 -0.169703 0.892430 0.418055 0.985496 0.153677 0.071990 3819.dat
1 15 -21.878790 -64.302160 -19.432890 0.000001 0.422669 -0.906285 0.170671 0.892988 0.416467 0.985328 -0.154677 -0.072136 3818.dat
1 14 -4.763130 -52.343580 18.740970 -0.337566 0.043609 -0.940292 0.940759 0.049580 -0.335433 0.031992 -0.997818 -0.057762 3820.dat
1 14 -5.238360 -52.145200 -26.613100 0.058365 -0.336951 -0.939712 0.010139 0.941468 -0.336951 0.998244 0.010139 0.058365 3820.dat
1 297 16.723520 -36.195700 18.421780 0.190924 0.668802 -0.718508 0.035148 0.726845 0.685902 0.980975 -0.156209 0.115265 95344.dat
1 4 17.461630 -15.227770 17.526890 -0.190925 0.035148 0.980976 -0.035148 0.998474 -0.042616 -0.980976 -0.042616 -0.189398 95343.dat
1 70 -13.910950 -21.974620 -26.412480 0.010632 0.559453 -0.828794 0.036482 -0.828506 -0.558791 -0.999278 -0.024295 -0.029218 4332.dat
1 14 -21.878780 -97.177850 -3.961120 0.000000 0.000000 -1.000000 0.000000 1.000000 0.000000 1.000000 0.000000 0.000000 3626bp8b.dat
1 0 -21.878780 -97.177850 -3.961150 0.000000 0.000000 -1.000000 0.000000 1.000000 0.000000 1.000000 0.000000 0.000000 6131.dat
0 NOFILE
