0 Untitled Model
0 Name:  UntitledModel
0 Author:  
0 CustomBrick
1 7 8.000010 -32.000010 -114.999900 0.000000 0.000000 -1.000000 0.000000 1.000000 0.000000 1.000000 0.000000 0.000000 3795.dat
1 7 7.999990 -24.000010 -54.999910 -1.000000 0.000000 0.000000 0.000000 1.000000 0.000000 0.000000 0.000000 -1.000000 122c03.dat
1 7 8.000010 -24.000020 -94.999950 -1.000000 0.000000 0.000000 0.000000 1.000000 0.000000 0.000000 0.000000 -1.000000 122c03.dat
1 7 8.000010 -24.000020 -174.999900 -1.000000 0.000000 0.000000 0.000000 1.000000 0.000000 0.000000 0.000000 -1.000000 122c03.dat
1 7 7.999990 -24.000020 -134.999900 -1.000000 0.000000 0.000000 0.000000 1.000000 0.000000 0.000000 0.000000 -1.000000 3020.dat
1 7 7.999990 -32.000020 -185.000000 1.000000 0.000000 0.000000 0.000000 1.000000 0.000000 0.000000 0.000000 1.000000 3023.dat
1 7 7.999990 -32.000010 -34.999880 -1.000000 0.000000 0.000000 0.000000 1.000000 0.000000 0.000000 0.000000 -1.000000 3731.dat
1 15 8.000010 -85.000020 -82.999140 -1.000000 0.000000 0.000001 0.000000 1.000000 0.000000 -0.000001 0.000000 -0.999997 3815.dat
1 15 8.000010 -73.000020 -82.999950 -1.000000 -0.000001 0.000000 0.000000 0.000000 1.000000 -0.000001 1.000000 0.000000 3816.dat
1 15 8.000160 -73.000020 -82.999940 -1.000000 -0.000001 0.000000 0.000000 0.000000 1.000000 -0.000001 1.000000 0.000000 3817.dat
1 15 8.000020 -117.000000 -82.999940 -1.000000 0.000000 0.000001 0.000000 1.000000 0.000000 -0.000001 0.000000 -1.000000 973p90.dat
1 15 -7.471790 -108.124300 -82.999950 -0.985329 -0.170671 0.000000 -0.170671 0.985328 0.000000 -0.000001 0.000000 -1.000000 3819.dat
1 15 -15.641080 -90.256400 -73.000020 -0.991469 0.049255 0.120683 -0.049255 0.715638 -0.696731 -0.120683 -0.696727 -0.707101 3820.dat
1 15 8.000020 -117.000000 -82.999950 -1.000000 0.000000 0.000001 0.000000 1.000000 0.000000 -0.000001 0.000000 -1.000000 3838.dat
1 14 8.000020 -141.000100 -82.999900 -1.000000 0.000000 0.000001 0.000000 1.000000 0.000000 -0.000001 0.000000 -1.000000 3626ap01.dat
1 15 8.000020 -141.000100 -82.999940 -1.000000 0.000000 0.000001 0.000000 1.000000 0.000000 -0.000001 0.000000 -1.000000 3842a.dat
1 15 23.574610 -108.093000 -83.000210 -0.985496 0.169704 0.000001 0.169704 0.985495 0.000001 -0.000001 0.000000 -1.000000 3818.dat
1 15 31.726410 -90.217300 -73.500600 -0.991565 -0.048982 -0.119999 0.048984 0.715545 -0.696849 0.119997 -0.696845 -0.707104 3820.dat
1 4 8.000219 -53.000060 -127.000800 1.000000 0.000000 -0.000001 0.000000 1.000000 0.000000 0.000000 0.000000 0.999997 3815.dat
1 4 8.000020 -41.000000 -126.999900 1.000000 0.000001 0.000000 0.000000 0.000000 1.000000 0.000000 -1.000000 0.000000 3816.dat
1 4 7.999990 -41.000000 -126.999900 1.000000 0.000001 0.000000 0.000000 0.000000 1.000000 0.000000 -1.000000 0.000000 3817.dat
1 4 8.000110 -85.000020 -126.999900 1.000000 0.000000 -0.000001 0.000000 1.000000 0.000000 0.000000 0.000000 1.000000 973p90.dat
1 4 23.471950 -76.124330 -127.000000 0.985329 0.170671 0.000000 -0.170671 0.985328 0.000000 0.000000 0.000000 1.000000 3819.dat
1 4 31.641140 -58.256400 -136.999900 0.991468 -0.049255 -0.120684 -0.049255 0.715637 -0.696731 0.120683 0.696727 0.707101 3820.dat
1 4 8.000110 -85.000000 -126.999900 1.000000 0.000000 -0.000001 0.000000 1.000000 0.000000 0.000000 0.000000 1.000000 3838.dat
1 14 8.000080 -109.000100 -127.000000 1.000000 0.000000 -0.000001 0.000000 1.000000 0.000000 0.000000 0.000000 1.000000 3626ap01.dat
1 4 8.000080 -109.000100 -126.999900 1.000000 0.000000 -0.000001 0.000000 1.000000 0.000000 0.000000 0.000000 1.000000 3842a.dat
1 4 -7.574540 -76.092980 -126.999700 0.985496 -0.014790 -0.169058 0.169704 0.085891 0.981745 0.000001 -0.996195 0.087155 3818.dat
1 4 -11.177050 -84.635770 -146.755100 0.992892 -0.047584 -0.109083 0.106327 0.766427 0.633463 0.053463 -0.640563 0.766043 3820.dat
1 7 7.999990 -48.000010 -175.000000 1.000000 0.000000 0.000000 0.000000 1.000000 0.000000 0.000000 0.000000 1.000000 3787.dat
1 7 8.000010 -48.000010 -94.999950 1.000000 0.000000 0.000000 0.000000 1.000000 0.000000 0.000000 0.000000 1.000000 3787.dat
1 7 7.999990 -48.000010 -54.999910 1.000000 0.000000 0.000000 0.000000 1.000000 0.000000 0.000000 0.000000 1.000000 3787.dat
1 0 -9.873580 -93.568240 -153.197600 -0.274434 -0.073148 -0.958820 0.396931 0.899575 -0.182237 0.875861 -0.430598 -0.217840 3962a.dat
1 7 7.999990 -48.000010 -185.000000 1.000000 0.000000 0.000000 0.000000 1.000000 0.000000 0.000000 0.000000 1.000000 3794a.dat
1 7 7.999990 -48.000010 -54.999910 0.000000 0.000000 -1.000000 0.000000 1.000000 0.000000 1.000000 0.000000 0.000000 3680c01.dat
1 7 7.999990 -48.000010 -164.999900 1.000000 0.000000 0.000000 0.000000 1.000000 0.000000 0.000000 0.000000 1.000000 3829c01.dat
1 7 -12.000030 -56.000010 -54.999910 1.000000 0.000000 0.000000 0.000000 1.000000 0.000000 0.000000 0.000000 1.000000 3020.dat
1 7 7.999990 -64.000020 -54.999900 0.000000 0.000000 1.000000 0.000000 1.000000 0.000000 -1.000000 0.000000 0.000000 3020.dat
1 7 7.999990 -72.000020 -34.999880 0.000000 0.000000 -1.000000 0.000000 1.000000 0.000000 1.000000 0.000000 0.000000 3022.dat
1 7 -32.000000 -64.000020 -54.999880 -1.000000 0.000000 0.000000 0.000000 1.000000 0.000000 0.000000 0.000000 -1.000000 3956.dat
1 7 -32.000000 -124.000000 -34.999880 0.000000 0.000000 -1.000000 1.000000 0.000000 0.000000 0.000000 -1.000000 0.000000 3795.dat
1 7 -32.000030 -174.000000 -42.999870 1.000000 0.000000 0.000000 0.000000 0.000000 1.000000 0.000000 -1.000000 0.000000 3938.dat
1 7 -32.000000 -173.128400 -43.037920 1.000000 0.000000 0.000000 0.000000 -0.087156 0.996195 0.000000 -0.996195 -0.087156 3937.dat
1 7 7.999970 -96.000020 -24.999870 1.000000 0.000000 0.000000 0.000000 1.000000 0.000000 0.000000 0.000000 1.000000 3039p23.dat
1 7 -42.000040 -175.220200 -66.946660 0.000000 0.000000 -1.000000 0.996195 -0.087157 0.000000 -0.087156 -0.996195 0.000000 3960.dat
1 34 -42.000040 -176.614700 -82.885800 1.000000 0.000000 0.000000 0.000000 -0.087157 0.996195 0.000000 -0.996195 -0.087156 3062b.dat
1 7 8.000000 -48.000010 -185.000000 -1.000000 0.000000 0.000000 0.000000 1.000000 0.000000 0.000000 0.000000 -1.000000 3838.dat
1 7 8.000020 -24.000010 55.000110 -1.000002 0.000000 0.000000 0.000000 1.000000 0.000000 0.000000 0.000000 -1.000002 122c03.dat
1 7 8.000010 -32.000010 135.000300 0.000000 0.000000 -1.000002 0.000000 1.000000 0.000000 1.000002 0.000000 0.000000 3034.dat
1 7 7.999990 -24.000010 215.000800 1.000002 0.000000 0.000000 0.000000 1.000000 0.000000 0.000000 0.000000 1.000002 122c03.dat
1 7 8.000010 -32.000010 35.000160 1.000002 0.000000 0.000000 0.000000 1.000000 0.000000 0.000000 0.000000 1.000002 3730.dat
1 7 7.999960 -32.000010 225.000700 1.000002 0.000000 0.000000 0.000000 1.000000 0.000000 0.000000 0.000000 1.000002 3023.dat
1 7 7.999960 -48.000010 55.000100 1.000002 0.000000 0.000000 0.000000 1.000000 0.000000 0.000000 0.000000 1.000002 3787.dat
1 7 7.999960 -48.000010 215.000800 1.000002 0.000000 0.000000 0.000000 1.000000 0.000000 0.000000 0.000000 1.000002 3787.dat
1 7 8.000360 -48.000010 44.999950 1.000000 0.000000 -0.000001 0.000000 1.000000 0.000000 0.000001 0.000000 1.000000 3794a.dat
1 7 7.999960 -88.000020 235.000700 1.000002 0.000000 -0.000001 0.000000 1.000000 0.000000 0.000001 0.000000 1.000002 3479.dat
1 7 8.000010 -40.000010 135.000300 0.000000 0.000000 -1.000002 0.000000 1.000000 0.000000 1.000002 0.000000 0.000000 3795.dat
1 7 7.999930 -88.000020 115.000000 -0.999999 0.000000 0.000000 0.000000 1.000000 0.000000 0.000000 0.000000 -0.999999 3479.dat
1 7 8.000690 -209.830600 80.213030 0.000001 -0.000001 1.000002 0.866020 0.499997 0.000000 -0.499998 0.866023 0.000001 3023.dat
1 7 8.000690 -205.169900 68.285240 0.000001 -0.000001 1.000002 0.866025 0.500000 0.000000 -0.500001 0.866028 0.000001 3024.dat
1 36 8.000690 -209.169900 61.357020 0.000001 -0.000001 1.000002 0.866025 0.500000 0.000000 -0.500001 0.866028 0.000001 3024.dat
1 7 8.000010 -240.060900 87.852520 -1.000002 -0.000001 0.000001 0.000000 0.500000 0.866025 -0.000001 0.866028 -0.500001 3963.dat
1 7 7.999970 -93.901920 265.007600 1.000002 0.000000 0.000000 0.000000 0.866025 0.500000 0.000000 -0.500001 0.866028 314e.dat
1 7 7.999940 -94.000020 265.000600 1.000002 0.000000 0.000000 0.000000 1.000000 0.000000 0.000000 0.000000 1.000002 3324d.dat
1 4 6.000620 -94.000020 265.000500 1.000000 0.000000 -0.000001 0.000000 1.000000 0.000000 0.000001 0.000000 1.000000 313.dat
1 7 7.999960 -124.490400 248.026900 1.000002 0.000000 -0.000001 0.000000 0.866025 0.500000 0.000001 -0.500001 0.866028 3956.dat
1 4 38.000820 -235.060900 96.512650 -0.000001 1.000002 0.000001 0.500000 0.000000 0.866026 0.866028 0.000001 -0.500001 3794a.dat
1 4 -21.999440 -235.060900 96.512600 0.000000 -1.000003 0.000001 -0.500000 0.000000 0.866025 -0.866028 -0.000001 -0.500001 3794a.dat
1 15 7.999960 -151.810900 240.706500 -1.000003 -0.000001 0.000000 0.000000 0.500000 0.866025 -0.000001 0.866028 -0.500001 3941.dat
1 0 7.999940 -139.810900 261.491000 -1.000002 -0.000001 0.000000 0.000000 0.500000 0.866025 -0.000001 0.866028 -0.500001 3941.dat
1 15 7.999960 -127.810900 282.275600 -1.000003 -0.000001 0.000000 0.000000 0.500000 0.866025 -0.000001 0.866028 -0.500002 3941.dat
1 15 7.999930 -115.810900 303.060200 -1.000003 -0.000001 0.000000 0.000000 0.500000 0.866025 -0.000001 0.866028 -0.500002 3941.dat
1 0 7.999910 -103.810900 323.844800 -1.000003 -0.000001 0.000000 0.000000 0.500000 0.866025 -0.000001 0.866028 -0.500002 3942a.dat
1 15 7.999960 -167.810900 212.993700 -1.000003 -0.000001 0.000000 0.000000 0.500000 0.866025 -0.000001 0.866028 -0.500001 3941.dat
1 15 7.999960 -179.810900 192.209100 0.000000 -0.000001 1.000003 0.866025 0.500000 0.000000 -0.500002 0.866028 0.000001 3941.dat
1 0 7.999990 -191.810900 171.424400 -1.000003 -0.000001 0.000000 0.000000 0.500000 0.866026 -0.000001 0.866028 -0.500001 3941.dat
1 15 7.999970 -203.810900 150.639500 -1.000003 -0.000001 0.000000 0.000000 0.500000 0.866025 -0.000001 0.866028 -0.500001 3941.dat
1 15 8.000010 -227.810900 109.070000 -1.000003 -0.000001 0.000000 0.000000 0.500000 0.866025 -0.000001 0.866028 -0.500001 3942a.dat
1 7 8.000050 -243.810900 81.357250 0.000000 -0.000001 -1.000002 -0.866025 0.500000 0.000000 0.500001 0.866028 -0.000001 3957.dat
