0 483 Alpha-1 Rocket Base
0 SetNumber: 483
0 Name: 483 Alpha-1 Rocket Base
0 Author: Kristopher Wilson
0 NumOfBricks:  192
1 7 -180.000000 0.000000 200.000000 0.000000 0.000000 -1.000000 0.000000 1.000000 0.000000 1.000000 0.000000 0.000000 3947.dat
1 1 -120.000000 -48.000000 260.000000 -1.000000 0.000000 0.000000 0.000000 1.000000 0.000000 0.000000 0.000000 -1.000000 3479.dat
1 1 -200.000000 -48.000000 260.000000 -1.000000 0.000000 0.000000 0.000000 1.000000 0.000000 0.000000 0.000000 -1.000000 3479.dat
1 1 -90.000000 -24.000000 200.000000 1.000000 0.000000 0.000000 0.000000 1.000000 0.000000 0.000000 0.000000 1.000000 3002.dat
1 1 -120.000000 -48.000000 139.999800 1.000000 0.000000 0.000000 0.000000 1.000000 0.000000 0.000000 0.000000 1.000000 3479.dat
1 1 -200.000000 -48.000000 139.999800 1.000000 0.000000 0.000000 0.000000 1.000000 0.000000 0.000000 0.000000 1.000000 3479.dat
1 1 -160.000000 -56.000000 200.000000 0.000000 0.000000 -1.000000 0.000000 1.000000 0.000000 1.000000 0.000000 0.000000 3036.dat
1 1 -100.000000 -48.000000 200.000000 0.000000 0.000000 -1.000000 0.000000 1.000000 0.000000 1.000000 0.000000 0.000000 3003.dat
1 1 -160.000000 -24.000000 -90.000200 1.000000 0.000000 0.000000 0.000000 1.000000 0.000000 0.000000 0.000000 1.000000 3010.dat
1 1 -19.999910 -24.000000 -80.000200 0.000000 0.000000 -1.000000 0.000000 1.000000 0.000000 1.000000 0.000000 0.000000 3941.dat
1 1 -19.999910 -24.000000 19.999760 0.000000 0.000000 -1.000000 0.000000 1.000000 0.000000 1.000000 0.000000 0.000000 3941.dat
1 1 -160.000000 -24.000000 -40.000200 0.000000 0.000000 -1.000000 0.000000 1.000000 0.000000 1.000000 0.000000 0.000000 3941.dat
1 1 -160.000000 -48.000000 -90.000200 1.000000 0.000000 0.000000 0.000000 1.000000 0.000000 0.000000 0.000000 1.000000 3010.dat
1 1 -160.000000 -48.000000 -40.000200 0.000000 0.000000 -1.000000 0.000000 1.000000 0.000000 1.000000 0.000000 0.000000 3941.dat
1 1 -19.999910 -48.000000 -80.000200 0.000000 0.000000 -1.000000 0.000000 1.000000 0.000000 1.000000 0.000000 0.000000 3941.dat
1 1 -19.999910 -48.000000 19.999760 0.000000 0.000000 -1.000000 0.000000 1.000000 0.000000 1.000000 0.000000 0.000000 3941.dat
1 1 10.000080 -8.000000 -80.000200 0.000000 0.000000 1.000000 0.000000 1.000000 0.000000 -1.000000 0.000000 0.000000 3829c01.dat
1 1 10.000080 -8.000000 19.999760 0.000000 0.000000 1.000000 0.000000 1.000000 0.000000 -1.000000 0.000000 0.000000 3829c01.dat
1 1 -29.999910 -56.000000 -20.000210 0.000000 0.000000 -1.000000 0.000000 1.000000 0.000000 1.000000 0.000000 0.000000 3666.dat
1 1 -79.999980 -56.000000 -90.000200 1.000000 0.000000 0.000000 0.000000 1.000000 0.000000 0.000000 0.000000 1.000000 3666.dat
1 1 -160.000000 -54.000000 -110.000200 -1.000000 0.000000 0.000000 0.000000 1.000000 0.000000 0.000000 0.000000 -1.000000 3149e.dat
1 1 -160.000000 -54.000000 -110.000200 -1.000000 0.000000 0.000000 0.000000 0.000000 1.000000 0.000000 1.000000 0.000000 314e.dat
1 4 -162.000000 -54.000000 -110.000200 1.000000 0.000000 0.000000 0.000000 1.000000 0.000000 0.000000 0.000000 1.000000 313.dat
1 1 -160.000000 -64.000000 19.999760 0.000000 0.000000 -1.000000 0.000000 1.000000 0.000000 1.000000 0.000000 0.000000 3029.dat
1 1 -120.000000 -80.000000 270.000000 1.000000 0.000000 0.000000 0.000000 1.000000 0.000000 0.000000 0.000000 1.000000 3004.dat
1 1 -170.000000 -80.000000 270.000000 1.000000 0.000000 0.000000 0.000000 1.000000 0.000000 0.000000 0.000000 1.000000 3622.dat
1 1 -210.000000 -80.000000 200.000000 0.000000 0.000000 -1.000000 0.000000 1.000000 0.000000 1.000000 0.000000 0.000000 3008.dat
1 1 -160.000000 -72.000000 129.999600 1.000000 0.000000 0.000000 0.000000 1.000000 0.000000 0.000000 0.000000 1.000000 3710.dat
1 1 -160.000000 -80.000000 129.999600 1.000000 0.000000 0.000000 0.000000 1.000000 0.000000 0.000000 0.000000 1.000000 3710.dat
1 1 -110.000000 -80.000000 129.999800 0.000000 0.000000 -1.000000 0.000000 1.000000 0.000000 1.000000 0.000000 0.000000 3005.dat
1 1 -9.999920 -48.000000 19.999760 0.000000 0.000000 -1.000000 0.000000 1.000000 0.000000 1.000000 0.000000 0.000000 69c01.dat
1 1 -9.999920 -48.000000 -80.000200 0.000000 0.000000 -1.000000 0.000000 1.000000 0.000000 1.000000 0.000000 0.000000 69c01.dat
1 1 -160.000000 -164.000000 -128.000200 0.000000 0.000000 -1.000000 -1.000000 0.000000 0.000000 0.000000 1.000000 0.000000 3832.dat
1 1 -160.000000 -104.000000 270.000000 1.000000 0.000000 0.000000 0.000000 1.000000 0.000000 0.000000 0.000000 1.000000 3009.dat
1 1 -160.000000 -104.000000 129.999800 1.000000 0.000000 0.000000 0.000000 1.000000 0.000000 0.000000 0.000000 1.000000 3009.dat
1 1 -210.000000 -104.000000 159.999800 0.000000 0.000000 -1.000000 0.000000 1.000000 0.000000 1.000000 0.000000 0.000000 3039p34.dat
1 1 -210.000000 -104.000000 240.000000 0.000000 0.000000 -1.000000 0.000000 1.000000 0.000000 1.000000 0.000000 0.000000 3039p34.dat
1 1 -210.000000 -104.000000 200.000000 0.000000 0.000000 -1.000000 0.000000 1.000000 0.000000 1.000000 0.000000 0.000000 3039p23.dat
1 14 -160.000000 -72.000000 -70.000220 1.000000 0.000000 0.000000 0.000000 1.000000 0.000000 0.000000 0.000000 1.000000 3710.dat
1 14 -160.000000 -72.000000 -10.000210 1.000000 0.000000 0.000000 0.000000 1.000000 0.000000 0.000000 0.000000 1.000000 3710.dat
1 14 -190.000000 -72.000000 -40.000200 0.000000 0.000000 -1.000000 0.000000 1.000000 0.000000 1.000000 0.000000 0.000000 3023.dat
1 14 -130.000000 -72.000000 -40.000200 0.000000 0.000000 -1.000000 0.000000 1.000000 0.000000 1.000000 0.000000 0.000000 3023.dat
1 46 -210.000000 -128.000000 200.000000 0.000000 0.000000 -1.000000 0.000000 1.000000 0.000000 1.000000 0.000000 0.000000 3066.dat
1 46 -160.000000 -128.000000 270.000000 1.000000 0.000000 0.000000 0.000000 1.000000 0.000000 0.000000 0.000000 1.000000 3066.dat
1 46 -160.000000 -128.000000 129.999800 1.000000 0.000000 0.000000 0.000000 1.000000 0.000000 0.000000 0.000000 1.000000 3066.dat
1 1 -210.000000 -128.000000 139.999800 0.000000 0.000000 -1.000000 0.000000 1.000000 0.000000 1.000000 0.000000 0.000000 3004.dat
1 1 -210.000000 -128.000000 260.000000 0.000000 0.000000 -1.000000 0.000000 1.000000 0.000000 1.000000 0.000000 0.000000 3004.dat
1 1 -110.000000 -128.000000 129.999800 0.000000 0.000000 -1.000000 0.000000 1.000000 0.000000 1.000000 0.000000 0.000000 3005.dat
1 1 -110.000000 -128.000000 270.000000 0.000000 0.000000 -1.000000 0.000000 1.000000 0.000000 1.000000 0.000000 0.000000 3005.dat
1 1 -160.000000 -244.000100 -120.000200 0.000000 0.000000 -1.000000 -1.000000 0.000000 0.000000 0.000000 1.000000 0.000000 3832.dat
1 46 -210.000000 -152.000000 200.000000 0.000000 0.000000 -1.000000 0.000000 1.000000 0.000000 1.000000 0.000000 0.000000 3066.dat
1 1 -210.000000 -152.000000 260.000000 0.000000 0.000000 -1.000000 0.000000 1.000000 0.000000 1.000000 0.000000 0.000000 3004.dat
1 1 -210.000000 -152.000000 139.999800 0.000000 0.000000 -1.000000 0.000000 1.000000 0.000000 1.000000 0.000000 0.000000 3004.dat
1 46 -160.000000 -152.000000 129.999600 1.000000 0.000000 0.000000 0.000000 1.000000 0.000000 0.000000 0.000000 1.000000 3066.dat
1 46 -160.000000 -152.000000 270.000000 1.000000 0.000000 0.000000 0.000000 1.000000 0.000000 0.000000 0.000000 1.000000 3066.dat
1 1 -110.000000 -152.000000 129.999800 0.000000 0.000000 -1.000000 0.000000 1.000000 0.000000 1.000000 0.000000 0.000000 3005.dat
1 1 -110.000000 -152.000000 270.000000 0.000000 0.000000 -1.000000 0.000000 1.000000 0.000000 1.000000 0.000000 0.000000 3005.dat
1 46 -210.000000 -176.000000 200.000000 0.000000 0.000000 -1.000000 0.000000 1.000000 0.000000 1.000000 0.000000 0.000000 3066.dat
1 1 -210.000000 -176.000000 139.999800 0.000000 0.000000 -1.000000 0.000000 1.000000 0.000000 1.000000 0.000000 0.000000 3004.dat
1 1 -210.000000 -176.000000 260.000000 0.000000 0.000000 -1.000000 0.000000 1.000000 0.000000 1.000000 0.000000 0.000000 3004.dat
1 46 -160.000000 -176.000000 129.999600 1.000000 0.000000 0.000000 0.000000 1.000000 0.000000 0.000000 0.000000 1.000000 3066.dat
1 46 -160.000000 -176.000000 270.000000 1.000000 0.000000 0.000000 0.000000 1.000000 0.000000 0.000000 0.000000 1.000000 3066.dat
1 1 -110.000000 -176.000000 129.999800 0.000000 0.000000 -1.000000 0.000000 1.000000 0.000000 1.000000 0.000000 0.000000 3005.dat
1 1 -110.000000 -176.000000 270.000000 0.000000 0.000000 -1.000000 0.000000 1.000000 0.000000 1.000000 0.000000 0.000000 3005.dat
1 1 -160.000000 -200.000000 129.999600 1.000000 0.000000 0.000000 0.000000 1.000000 0.000000 0.000000 0.000000 1.000000 3009.dat
1 1 -160.000000 -200.000000 270.000000 1.000000 0.000000 0.000000 0.000000 1.000000 0.000000 0.000000 0.000000 1.000000 3009.dat
1 1 -210.000000 -200.000000 159.999800 0.000000 0.000000 -1.000000 0.000000 1.000000 0.000000 1.000000 0.000000 0.000000 3660p01.dat
1 1 -210.000000 -200.000000 200.000000 0.000000 0.000000 -1.000000 0.000000 1.000000 0.000000 1.000000 0.000000 0.000000 3660p01.dat
1 1 -210.000000 -200.000000 240.000000 0.000000 0.000000 -1.000000 0.000000 1.000000 0.000000 1.000000 0.000000 0.000000 3660p01.dat
1 46 -160.000000 -208.000000 200.000000 0.000000 0.000000 -1.000000 0.000000 1.000000 0.000000 1.000000 0.000000 0.000000 3036.dat
1 36 -110.000000 -232.000000 129.999600 0.000000 0.000000 -1.000000 0.000000 1.000000 0.000000 1.000000 0.000000 0.000000 3062b.dat
1 36 -110.000000 -232.000000 270.000000 0.000000 0.000000 -1.000000 0.000000 1.000000 0.000000 1.000000 0.000000 0.000000 3062b.dat
1 7 -210.000000 -216.000000 270.000000 0.000000 0.000000 -1.000000 0.000000 1.000000 0.000000 1.000000 0.000000 0.000000 3957.dat
1 7 -160.000000 -424.000000 -40.000200 0.000000 0.000000 -1.000000 0.000000 1.000000 0.000000 1.000000 0.000000 0.000000 3941.dat
1 7 -160.000000 -432.000000 -50.000340 1.000000 0.000000 0.000000 0.000000 1.000000 0.000000 0.000000 0.000000 1.000000 3839b.dat
1 7 -160.000000 -432.000000 -30.000320 -1.000000 0.000000 0.000000 0.000000 1.000000 0.000000 0.000000 0.000000 -1.000000 3839b.dat
1 36 -170.000100 -440.000000 -30.000320 0.000000 0.000000 -1.000000 0.000000 1.000000 0.000000 1.000000 0.000000 0.000000 3024.dat
1 34 -170.000100 -440.000000 -50.000340 0.000000 0.000000 -1.000000 0.000000 1.000000 0.000000 1.000000 0.000000 0.000000 3024.dat
1 34 -150.000000 -440.000000 -30.000320 0.000000 0.000000 -1.000000 0.000000 1.000000 0.000000 1.000000 0.000000 0.000000 3024.dat
1 36 -150.000000 -440.000000 -50.000340 0.000000 0.000000 -1.000000 0.000000 1.000000 0.000000 1.000000 0.000000 0.000000 3024.dat
1 7 -160.000000 -448.000000 -40.000320 0.000000 0.000000 -1.000000 0.000000 1.000000 0.000000 1.000000 0.000000 0.000000 3022.dat
1 7 -160.000000 -456.000000 -40.000320 0.000000 0.000000 -1.000000 0.000000 1.000000 0.000000 1.000000 0.000000 0.000000 3957.dat
1 36 -160.000100 -436.000100 -156.000300 0.000000 0.000000 -1.000000 0.000000 1.000000 0.000000 1.000000 0.000000 0.000000 3062b.dat
1 34 -160.000100 -460.000100 -156.000300 0.000000 0.000000 -1.000000 0.000000 1.000000 0.000000 1.000000 0.000000 0.000000 3062b.dat
1 0 -160.000000 -112.000000 -40.000200 0.000000 0.000000 -1.000000 0.000000 1.000000 0.000000 1.000000 0.000000 0.000000 3942a.dat
1 15 -160.000000 -136.000000 -40.000200 0.000000 0.000000 -1.000000 0.000000 1.000000 0.000000 1.000000 0.000000 0.000000 3941.dat
1 15 -160.000000 -160.000000 -40.000200 0.000000 0.000000 -1.000000 0.000000 1.000000 0.000000 1.000000 0.000000 0.000000 3941.dat
1 0 -160.000000 -184.000000 -40.000200 0.000000 0.000000 -1.000000 0.000000 1.000000 0.000000 1.000000 0.000000 0.000000 3941.dat
1 15 -160.000000 -208.000000 -40.000200 0.000000 0.000000 -1.000000 0.000000 1.000000 0.000000 1.000000 0.000000 0.000000 3941.dat
1 15 -160.000000 -232.000000 -40.000200 0.000000 0.000000 -1.000000 0.000000 1.000000 0.000000 1.000000 0.000000 0.000000 3941.dat
1 15 -160.000000 -256.000000 -40.000200 0.000000 0.000000 -1.000000 0.000000 1.000000 0.000000 1.000000 0.000000 0.000000 3941.dat
1 15 -160.000000 -280.000000 -40.000200 0.000000 0.000000 -1.000000 0.000000 1.000000 0.000000 1.000000 0.000000 0.000000 3941.dat
1 0 -160.000000 -304.000000 -40.000200 0.000000 0.000000 -1.000000 0.000000 1.000000 0.000000 1.000000 0.000000 0.000000 3941.dat
1 15 -160.000000 -328.000000 -40.000200 0.000000 0.000000 -1.000000 0.000000 1.000000 0.000000 1.000000 0.000000 0.000000 3941.dat
1 15 -160.000000 -352.000000 -40.000200 0.000000 0.000000 -1.000000 0.000000 1.000000 0.000000 1.000000 0.000000 0.000000 3941.dat
1 15 -160.000000 -400.000000 -40.000200 0.000000 0.000000 -1.000000 0.000000 1.000000 0.000000 1.000000 0.000000 0.000000 3942a.dat
1 1 -160.000000 -344.000100 -128.000200 0.000000 0.000000 1.000000 1.000000 0.000000 0.000000 0.000000 1.000000 0.000000 3034.dat
1 1 -160.000100 -384.000100 -120.000200 0.000000 0.000000 -1.000000 -1.000000 0.000000 0.000000 0.000000 1.000000 0.000000 3020.dat
1 1 -160.000000 -384.000100 -136.000200 -1.000000 0.000000 0.000000 0.000000 0.000000 1.000000 0.000000 1.000000 0.000000 3956.dat
1 1 -160.000000 -354.000100 -128.000200 1.000000 0.000000 0.000000 0.000000 0.000000 -1.000000 0.000000 1.000000 0.000000 69c01.dat
1 1 -160.000000 -94.000020 -128.000200 -1.000000 0.000000 0.000000 0.000000 0.000000 1.000000 0.000000 1.000000 0.000000 69c01.dat
1 1 -160.000100 -384.000100 -84.000200 1.000000 0.000000 0.000000 0.000000 1.000000 0.000000 0.000000 0.000000 1.000000 3956.dat
1 7 -160.000100 -376.000100 -74.000220 -1.000000 0.000000 0.000000 0.000000 1.000000 0.000000 0.000000 0.000000 -1.000000 3839a.dat
1 1 -160.000000 -264.000100 -84.000200 1.000000 0.000000 0.000000 0.000000 1.000000 0.000000 0.000000 0.000000 1.000000 3956.dat
1 1 -160.000000 -144.000000 -84.000200 1.000000 0.000000 0.000000 0.000000 1.000000 0.000000 0.000000 0.000000 1.000000 3956.dat
1 7 -159.999900 -256.000100 -74.000220 -1.000000 0.000000 0.000000 0.000000 1.000000 0.000000 0.000000 0.000000 -1.000000 3839a.dat
1 7 -160.000000 -136.000000 -74.000220 -1.000000 0.000000 0.000000 0.000000 1.000000 0.000000 0.000000 0.000000 -1.000000 3839a.dat
1 7 -160.000000 -216.000000 200.000000 0.000000 0.000000 -1.000000 0.000000 1.000000 0.000000 1.000000 0.000000 0.000000 3680c01.dat
1 7 -160.000100 -240.000100 200.000000 0.000000 0.000000 -1.000000 0.000000 1.000000 0.000000 1.000000 0.000000 0.000000 3941.dat
1 7 -170.000000 -248.000000 200.000000 0.000000 0.000000 -1.000000 0.000000 1.000000 0.000000 1.000000 0.000000 0.000000 3794a.dat
1 7 -150.000000 -248.000000 200.000000 0.000000 0.000000 -1.000000 0.000000 1.000000 0.000000 1.000000 0.000000 0.000000 3794a.dat
1 7 -160.000000 -272.000100 199.999900 -1.000000 0.000000 0.000000 0.000000 1.000000 0.000000 0.000000 0.000000 -1.000000 3937.dat
1 7 -160.000000 -270.660300 204.999800 1.000000 0.000000 0.000000 0.000000 0.866025 0.500000 0.000000 -0.500000 0.866026 3938.dat
1 7 -160.000000 -282.588400 200.339500 -1.000000 0.000000 0.000000 0.000000 0.866025 -0.500000 0.000000 -0.500000 -0.866026 3956.dat
1 7 -160.000000 -289.909000 227.660100 1.000000 0.000000 0.000000 0.000000 -0.500000 0.866026 0.000000 -0.866026 -0.500000 3941.dat
1 7 -160.000000 -301.909000 206.875400 1.000000 0.000000 0.000000 0.000000 -0.500000 0.866026 0.000000 -0.866026 -0.500000 3062b.dat
1 7 -160.000000 -313.909000 186.090700 1.000000 0.000000 0.000000 0.000000 -0.500000 0.866026 0.000000 -0.866026 -0.500000 3062b.dat
1 7 -160.000000 -290.569200 246.516500 1.000000 0.000000 0.000000 0.000000 -0.500000 0.866025 0.000000 -0.866026 -0.500000 3839b.dat
1 7 -160.000000 -273.248700 236.516400 -1.000000 0.000000 0.000000 0.000000 -0.500000 -0.866025 0.000000 -0.866026 0.500000 3839b.dat
1 7 -160.000000 -325.909000 165.306000 1.000000 0.000000 0.000000 0.000000 -0.500000 0.866026 0.000000 -0.866026 -0.500000 3960.dat
1 34 -160.000000 -333.909000 151.449500 -1.000000 0.000000 0.000000 0.000000 -0.500000 -0.866026 0.000000 -0.866026 0.500000 3062b.dat
1 7 380.383700 -28.000010 90.361080 0.000000 0.000000 -1.000001 0.000000 1.000000 0.000000 1.000001 0.000000 0.000000 3020.dat
1 7 380.383700 -28.000010 40.360990 -1.000001 0.000000 0.000000 0.000000 1.000000 0.000000 0.000000 0.000000 -1.000001 3023.dat
1 7 380.383700 -20.000010 50.361020 -1.000001 0.000000 0.000000 0.000000 1.000000 0.000000 0.000000 0.000000 -1.000001 122c03.dat
1 7 380.383700 -20.000010 130.361100 -1.000001 0.000000 0.000000 0.000000 1.000000 0.000000 0.000000 0.000000 -1.000001 122c03.dat
1 7 380.383800 -20.000010 90.361080 -1.000001 0.000000 0.000000 0.000000 1.000000 0.000000 0.000000 0.000000 -1.000001 3020.dat
1 7 380.383700 -28.000010 150.361100 -1.000001 0.000000 0.000000 0.000000 1.000000 0.000000 0.000000 0.000000 -1.000001 3731.dat
1 7 380.383700 -44.000010 50.361020 1.000001 0.000000 0.000000 0.000000 1.000000 0.000000 0.000000 0.000000 1.000001 3787.dat
1 7 380.383400 -44.000010 130.361200 1.000000 0.000000 0.000000 0.000000 1.000000 0.000000 0.000000 0.000000 1.000000 3787.dat
1 7 380.383700 -44.000010 40.360870 1.000001 0.000000 0.000000 0.000000 1.000000 0.000000 0.000000 0.000000 1.000001 3794a.dat
1 7 380.383700 -44.000010 60.361020 1.000001 0.000000 0.000000 0.000000 1.000000 0.000000 0.000000 0.000000 1.000001 3829c01.dat
1 7 380.383700 -60.000000 140.361100 1.000001 0.000000 0.000000 0.000000 1.000000 0.000000 0.000000 0.000000 1.000001 3039p34.dat
1 7 370.383700 -68.000000 140.361100 0.000000 0.000000 -1.000000 0.000000 1.000000 0.000000 1.000000 0.000000 0.000000 3957.dat
1 4 380.383600 -37.000000 98.361100 1.000000 0.000001 0.000000 0.000000 0.000000 1.000000 0.000001 -1.000000 0.000000 3816.dat
1 4 380.383700 -37.000010 98.361100 1.000000 0.000001 0.000000 0.000000 0.000000 1.000000 0.000001 -1.000000 0.000000 3817.dat
1 4 380.383900 -81.000010 98.360980 1.000000 0.000000 -0.000001 0.000000 1.000000 0.000000 0.000000 0.000000 1.000000 973p90.dat
1 4 395.855700 -72.124330 98.360980 0.985329 0.170671 0.000000 -0.170671 0.985328 0.000000 0.000000 0.000000 1.000000 3819.dat
1 4 404.024900 -54.256400 88.361080 0.991468 -0.049255 -0.120684 -0.049255 0.715637 -0.696731 0.120683 0.696727 0.707101 3820.dat
1 14 380.383800 -105.000000 98.360980 1.000000 0.000000 -0.000001 0.000000 1.000000 0.000000 0.000000 0.000000 1.000000 3626ap01.dat
1 4 380.383800 -105.000000 98.360980 1.000000 0.000000 -0.000001 0.000000 1.000000 0.000000 0.000000 0.000000 1.000000 3842a.dat
1 4 364.809300 -72.092960 98.361350 0.985495 -0.014790 -0.169058 0.169704 0.085891 0.981745 0.000001 -0.996195 0.087155 3818.dat
1 4 361.206700 -80.635760 78.605880 0.992892 -0.047584 -0.109083 0.106327 0.766427 0.633463 0.053463 -0.640563 0.766043 3820.dat
1 4 380.383800 -49.000030 98.361100 1.000000 0.000000 -0.000001 0.000000 1.000000 0.000000 0.000000 0.000000 1.000000 3815.dat
1 4 380.384000 -80.999940 98.361950 1.000000 0.000000 -0.000001 0.000000 1.000000 0.000000 0.000000 0.000000 1.000003 3838.dat
1 0 362.372900 -87.880200 71.355510 -0.274434 -0.073148 -0.958820 0.396930 0.899575 -0.182238 0.875861 -0.430597 -0.217840 3962a.dat
1 7 380.384200 -28.000010 300.361600 0.000000 0.000000 -1.000002 0.000000 1.000000 0.000000 1.000002 0.000000 0.000000 3795.dat
1 7 380.384200 -20.000010 240.361500 -1.000002 0.000000 0.000000 0.000000 1.000000 0.000000 0.000000 0.000000 -1.000002 122c03.dat
1 7 380.384200 -20.000010 340.361700 -1.000002 0.000000 0.000000 0.000000 1.000000 0.000000 0.000000 0.000000 -1.000002 122c03.dat
1 7 380.383700 -28.000010 220.361500 1.000000 0.000000 0.000000 0.000000 1.000000 0.000000 0.000000 0.000000 1.000000 3730.dat
1 7 380.384200 -44.000010 240.361500 1.000002 0.000000 0.000000 0.000000 1.000000 0.000000 0.000000 0.000000 1.000002 3788.dat
1 7 380.384200 -44.000010 340.361700 1.000002 0.000000 0.000000 0.000000 1.000000 0.000000 0.000000 0.000000 1.000002 3788.dat
1 7 380.384300 -36.000010 210.361500 1.000002 0.000000 0.000000 0.000000 1.000000 0.000000 0.000000 0.000000 1.000002 3023.dat
1 34 350.384200 -52.000010 250.361500 0.000000 0.000000 -1.000002 0.000000 1.000000 0.000000 1.000002 0.000000 0.000000 3024.dat
1 34 410.384200 -52.000010 250.361500 0.000000 0.000000 -1.000002 0.000000 1.000000 0.000000 1.000002 0.000000 0.000000 3024.dat
1 7 380.384300 -84.000020 256.361600 0.000000 0.000000 -1.000002 1.000000 0.000000 0.000000 0.000000 -1.000002 0.000000 3020.dat
1 7 380.384300 -104.000000 280.361600 0.000000 0.000000 -1.000002 1.000000 0.000000 0.000000 0.000000 -1.000002 0.000000 3941.dat
1 7 380.384300 -104.000000 304.361700 0.000000 0.000000 -1.000002 1.000000 0.000000 0.000000 0.000000 -1.000002 0.000000 3941.dat
1 7 380.384300 -104.000000 328.361700 0.000000 0.000000 -1.000002 1.000000 0.000000 0.000000 0.000000 -1.000002 0.000000 3941.dat
1 7 380.384400 -104.000000 352.361800 0.000000 0.000000 -1.000002 1.000000 0.000000 0.000000 0.000000 -1.000002 0.000000 3941.dat
1 7 380.384300 -64.000020 280.361600 0.000000 0.000000 -1.000002 1.000000 0.000000 0.000000 0.000000 -1.000002 0.000000 3941.dat
1 7 380.384300 -64.000020 304.361700 0.000000 0.000000 -1.000002 1.000000 0.000000 0.000000 0.000000 -1.000002 0.000000 3941.dat
1 7 380.384300 -64.000020 328.361700 0.000000 0.000000 -1.000002 1.000000 0.000000 0.000000 0.000000 -1.000002 0.000000 3941.dat
1 7 380.384400 -64.000020 352.361800 0.000000 0.000000 -1.000002 1.000000 0.000000 0.000000 0.000000 -1.000002 0.000000 3941.dat
1 7 380.384400 -84.000030 360.361700 0.000000 0.000000 -1.000002 1.000000 0.000000 0.000000 0.000000 -1.000002 0.000000 3020.dat
1 7 380.384400 -44.000020 340.361700 -1.000002 0.000000 0.000000 0.000000 1.000000 0.000000 0.000000 0.000000 -1.000002 3956.dat
1 7 380.384300 -44.000010 220.361500 -1.000002 0.000000 0.000000 0.000000 1.000000 0.000000 0.000000 0.000000 -1.000002 3956.dat
1 7 380.384300 -52.000010 230.361500 1.000002 0.000000 0.000000 0.000000 1.000000 0.000000 0.000000 0.000000 1.000002 3710.dat
1 7 380.384300 -94.000020 248.361600 1.000002 0.000000 0.000000 0.000000 0.000000 1.000000 0.000000 -1.000002 0.000000 3839b.dat
1 15 -140.000000 -104.000000 70.999920 1.000000 0.000000 -0.000001 0.000000 1.000000 0.000000 0.000001 0.000000 0.999997 3815.dat
1 15 -140.000000 -92.000020 70.999920 1.000000 0.000001 0.000000 -0.000001 1.000000 0.000000 0.000000 0.000000 1.000000 3816.dat
1 15 -140.000000 -91.999980 70.999800 1.000000 0.000001 0.000000 -0.000001 1.000000 0.000000 0.000000 0.000000 1.000000 3817.dat
1 15 -140.000000 -136.000000 71.000660 1.000000 0.000000 -0.000001 0.000000 1.000000 0.000000 0.000001 0.000000 1.000000 973p90.dat
1 15 -124.528200 -127.124300 71.000780 0.985329 0.170671 -0.000001 -0.170671 0.985328 0.000000 0.000001 0.000000 1.000000 3819.dat
1 15 -116.358900 -109.256400 61.000670 0.991469 -0.049255 -0.120684 -0.049255 0.715637 -0.696731 0.120683 0.696727 0.707101 3820.dat
1 15 -140.000000 -136.000000 71.000660 1.000000 0.000000 -0.000001 0.000000 1.000000 0.000000 0.000001 0.000000 1.000000 3838.dat
1 14 -140.000000 -160.000000 71.000660 1.000000 0.000000 -0.000001 0.000000 1.000000 0.000000 0.000001 0.000000 1.000000 3626ap01.dat
1 15 -140.000000 -160.000000 71.000660 1.000000 0.000000 -0.000001 0.000000 1.000000 0.000000 0.000001 0.000000 1.000000 3842a.dat
1 15 -155.574600 -127.092900 71.000900 0.985496 -0.119998 -0.120000 0.169704 0.696850 0.696851 0.000001 -0.707107 0.707107 3818.dat
1 15 -161.642000 -121.321300 50.848690 1.000000 -0.000001 0.000000 0.000001 0.999998 -0.000001 0.000002 -0.000007 0.999997 3820.dat
1 0 -161.642000 -130.138900 38.567780 1.000000 -0.000001 0.000000 0.000001 0.968768 -0.247971 0.000000 0.247971 0.968768 4006.dat
1 15 -110.999600 -96.000030 200.000000 -0.000001 0.000000 -0.999997 0.000000 1.000000 0.000000 1.000000 0.000000 -0.000001 3815.dat
1 15 -110.999900 -84.000010 200.000000 0.000000 0.000000 -1.000000 -0.000001 1.000001 0.000000 1.000000 0.000001 0.000000 3816.dat
1 15 -110.999800 -83.999980 200.000000 0.000000 0.000000 -1.000000 -0.000001 1.000001 0.000000 1.000000 0.000001 0.000000 3817.dat
1 15 -111.000700 -128.000000 200.000000 -0.000001 0.000000 -1.000000 0.000000 1.000000 0.000000 1.000000 0.000000 -0.000001 973p90.dat
1 15 -111.000800 -119.124300 215.471800 -0.000001 0.000000 -1.000000 -0.170671 0.985329 0.000000 0.985329 0.170671 -0.000001 3819.dat
1 15 -101.000700 -101.256400 223.641000 -0.120683 -0.696727 -0.707101 -0.049255 0.715638 -0.696732 0.991468 -0.049255 -0.120684 3820.dat
1 15 -111.000700 -128.000000 200.000000 -0.000001 0.000000 -1.000000 0.000000 1.000000 0.000000 1.000000 0.000000 -0.000001 3838.dat
1 14 -111.000700 -152.000000 200.000000 -0.000001 0.000000 -1.000000 0.000000 1.000000 0.000000 1.000000 0.000000 -0.000001 3626ap01.dat
1 15 -111.000700 -152.000000 200.000000 -0.000001 0.000000 -1.000000 0.000000 1.000001 0.000000 1.000000 0.000000 -0.000001 3842a.dat
1 15 -111.001000 -119.092900 184.425300 -0.000001 0.707107 -0.707106 0.169704 0.696850 0.696851 0.985495 -0.119998 -0.120000 3818.dat
1 15 -90.848750 -113.321300 178.357800 -0.000002 0.000007 -0.999997 0.000001 0.999999 -0.000001 0.999999 -0.000001 0.000000 3820.dat
1 0 -80.112930 -116.102600 178.357800 0.000000 -0.247970 -0.968768 0.000001 0.968768 -0.247970 1.000000 -0.000001 0.000000 3962a.dat
