0 6701 Minifig Pack
0 SetNumber: 6701
0 Name: Minifig Pack
0 Author: Kristopher Wilson
1 16 -286.086000 -41.126960 -261.197200 0.996533 0.000000 0.083204 0.020633 0.968766 -0.247117 -0.080605 0.247977 0.965407 red 1
1 16 -186.046100 -41.126960 -260.824200 0.997123 -0.002088 0.075770 0.024043 0.956714 -0.290036 -0.071885 0.291023 0.954012 red 2
1 16 -84.293490 -24.827410 -261.014800 0.991468 0.103456 -0.079292 -0.049255 0.860570 0.506944 0.120682 -0.498714 0.858324 yellow 1
1 16 13.858960 -41.126960 -262.270400 0.995687 0.002166 0.092754 0.015750 0.981271 -0.191985 -0.091432 0.192618 0.977005 yellow 2
1 16 114.151600 -41.126960 -260.877900 0.998986 -0.016505 0.041893 0.034796 0.873478 -0.485618 -0.028577 0.486583 0.873167 white 1
1 16 213.914000 -41.126970 -263.249300 1.000000 0.000000 0.000000 0.000000 0.964716 -0.263292 0.000000 0.263292 0.964716 white 2
0 NOFILE
0 FILE Red 1
0 Red 1
0 Name:  Red 1
0 Author:  
0 CustomBrick
0 FlexibleBrickControlPointUnitLength -1
0 FlexibleBrickLockedControlPoint 
0 NumOfBricks:  10
1 0 17.776570 -76.259830 -1.734930 1.000000 0.000000 0.000000 0.000000 1.000000 0.000000 0.000000 0.000000 1.000000 4349.dat
1 4 -5.729040 -35.664030 21.575600 0.996533 0.020633 -0.080605 0.000000 0.968766 0.247977 0.083204 -0.247117 0.965407 73200b-f1.dat
1 4 -6.925740 -91.852450 35.908380 0.996533 0.020633 -0.080605 0.000000 0.968766 0.247977 0.083204 -0.247117 0.965407 3842a.dat
1 4 9.211989 -58.066080 28.577330 0.978390 0.191636 0.077643 -0.165340 0.499624 0.850317 0.124159 -0.844779 0.520513 3819.dat
1 4 16.968590 -57.903090 7.942190 0.996532 0.020633 -0.080605 0.000000 0.968766 0.247977 0.083204 -0.247117 0.965407 3820.dat
1 4 -28.715110 -43.073800 11.719290 0.998810 0.007408 0.048208 0.017697 0.865995 -0.499739 -0.045450 0.499997 0.864834 3820.dat
1 4 -6.389280 -66.664540 29.483340 0.996533 0.020633 -0.080605 0.000000 0.968766 0.247977 0.083204 -0.247117 0.965407 973p90.dat
1 4 -6.389280 -66.664540 29.483340 0.996533 0.020633 -0.080605 0.000000 0.968766 0.247977 0.083204 -0.247117 0.965407 3838.dat
1 4 -21.726120 -58.035580 25.986360 0.985579 -0.148781 -0.080605 0.164403 0.954714 0.247977 0.040061 -0.257652 0.965407 3818.dat
1 14 -6.925740 -91.852450 35.908380 0.996533 0.020633 -0.080605 0.000000 0.968766 0.247977 0.083204 -0.247117 0.965407 3626ap01.dat
0 NOFILE
0 FILE Red 2
0 Red 2
0 Name:  Red 2
0 Author:  
0 CustomBrick
0 FlexibleBrickControlPointUnitLength -1
0 FlexibleBrickLockedControlPoint 
0 NumOfBricks:  10
1 0 17.663750 -62.095820 0.387650 0.000000 0.000000 -1.000000 0.000000 1.000000 0.000000 1.000000 0.000000 0.000000 3962a.dat
1 4 -5.772160 -34.746440 22.820740 0.997123 0.024043 -0.071885 -0.002088 0.956714 0.291023 0.075770 -0.290036 0.954012 73200b-f1.dat
1 4 -7.166630 -90.235850 39.642800 0.997123 0.024043 -0.071885 -0.002088 0.956714 0.291023 0.075770 -0.290036 0.954012 3842a.dat
1 4 9.099150 -56.902100 30.699920 0.978390 0.191636 0.077643 -0.165340 0.499624 0.850317 0.124159 -0.844779 0.520513 3819.dat
1 4 16.855750 -56.739090 10.064770 0.996533 0.020633 -0.080605 0.000000 0.968766 0.247977 0.083204 -0.247117 0.965407 3820.dat
1 4 -28.872880 -42.452740 13.472970 0.998516 0.015954 0.052069 0.009871 0.887266 -0.461153 -0.053556 0.460982 0.885792 3820.dat
1 4 -6.541530 -65.361270 32.101880 0.997123 0.024043 -0.071885 -0.002088 0.956714 0.291023 0.075770 -0.290036 0.954012 973p90.dat
1 4 -6.541530 -65.361270 32.101880 0.997123 0.024043 -0.071885 -0.002088 0.956714 0.291023 0.075770 -0.290036 0.954012 3838.dat
1 4 -21.857180 -56.807160 28.338400 0.986740 -0.145521 -0.071885 0.160300 0.943191 0.291023 0.025451 -0.298687 0.954012 3818.dat
1 14 -7.166630 -90.235850 39.642800 0.997123 0.024043 -0.071885 -0.002088 0.956714 0.291023 0.075770 -0.290036 0.954012 3626ap01.dat
0 NOFILE
0 FILE Yellow 1
0 Yellow 1
0 Name:  Yellow 1
0 Author:  
0 CustomBrick
0 FlexibleBrickControlPointUnitLength -1
0 FlexibleBrickLockedControlPoint 
1 0 19.776810 -50.147740 -69.533070 0.036105 0.005850 -0.999331 -0.977075 0.210151 -0.034071 0.209811 0.977652 0.013303 4479a.dat
1 14 -1.404660 -55.156740 -17.561060 0.991468 -0.049255 0.120682 0.103456 0.860571 -0.498714 -0.079292 0.506944 0.858324 73200b-f1.dat
1 14 1.452140 -105.069800 -46.963840 0.991468 -0.049255 0.120682 0.103456 0.860570 -0.498714 -0.079292 0.506944 0.858324 3626ap01.dat
1 14 15.074090 -73.456180 -30.510600 0.985328 0.092192 0.143629 -0.044936 0.951997 -0.302791 -0.164649 0.291895 0.942172 3819.dat
1 14 -15.709000 -76.641020 -28.032920 0.968728 -0.216796 0.120682 0.247997 0.830531 -0.498714 0.007889 0.513047 0.858324 3818.dat
1 14 20.316130 -52.565010 -35.209560 0.999330 -0.003863 0.036371 0.034071 0.459991 -0.887269 -0.013303 0.887915 0.459816 3820.dat
1 14 -25.818220 -57.363120 -26.478540 0.966211 0.097420 0.238633 0.204582 0.273313 -0.939918 -0.156788 0.956979 0.244148 3820.dat
1 14 0.171490 -82.694980 -33.783300 0.991468 -0.049255 0.120682 0.103456 0.860570 -0.498714 -0.079292 0.506944 0.858324 973p90.dat
1 14 0.171490 -82.694980 -33.783300 0.991468 -0.049255 0.120682 0.103456 0.860570 -0.498714 -0.079292 0.506944 0.858324 3838.dat
1 14 1.452140 -105.069800 -46.963840 0.991468 -0.049255 0.120682 0.103456 0.860570 -0.498714 -0.079292 0.506944 0.858324 3842a.dat
0 NOFILE
0 FILE Yellow 2
0 Yellow 2
0 Name:  Yellow 2
0 Author:  
0 CustomBrick
0 FlexibleBrickControlPointUnitLength -1
0 FlexibleBrickLockedControlPoint 
0 NumOfBricks:  10
1 0 17.897000 -82.506400 -3.906690 1.000000 0.000000 0.000000 0.000000 1.000000 0.000000 0.000000 0.000000 1.000000 4006.dat
1 14 -5.708540 -36.654950 20.530980 0.995687 0.015750 -0.091432 0.002166 0.981271 0.192618 0.092754 -0.191985 0.977005 73200b-f1.dat
1 14 -6.622020 -93.568700 31.666100 0.995687 0.015750 -0.091432 0.002166 0.981271 0.192618 0.092754 -0.191985 0.977005 3626ap01.dat
1 14 9.332330 -59.312670 26.405560 0.978390 0.191636 0.077643 -0.165340 0.499625 0.850316 0.124159 -0.844779 0.520513 3819.dat
1 14 -21.579680 -59.349020 23.519860 0.983917 -0.153450 -0.091432 0.168660 0.966671 0.192618 0.058828 -0.204941 0.977005 3818.dat
1 14 17.088950 -59.149680 5.770480 0.996532 0.020633 -0.080605 0.000000 0.968766 0.247977 0.083204 -0.247117 0.965407 3820.dat
1 14 -28.546200 -43.655440 10.050300 0.999031 -0.003672 0.043853 0.027101 0.836473 -0.547338 -0.034672 0.547997 0.835762 3820.dat
1 14 -6.212530 -68.055640 26.674500 0.995687 0.015750 -0.091432 0.002166 0.981271 0.192618 0.092754 -0.191985 0.977005 973p90.dat
1 14 -6.212530 -68.055640 26.674500 0.995687 0.015750 -0.091432 0.002166 0.981271 0.192618 0.092754 -0.191985 0.977005 3838.dat
1 14 -6.622020 -93.568700 31.666100 0.995687 0.015750 -0.091432 0.002166 0.981271 0.192618 0.092754 -0.191985 0.977005 3842a.dat
0 NOFILE
0 FILE White 1
0 White 1
0 Name:  White 1
0 Author:  
0 CustomBrick
0 FlexibleBrickControlPointUnitLength -1
0 FlexibleBrickLockedControlPoint 
0 NumOfBricks:  10
1 0 17.330200 -63.617050 11.405980 1.000000 0.000000 0.000000 0.000000 1.000000 0.000000 0.000000 0.000000 1.000000 3959.dat
1 14 -7.903990 -79.631100 58.006360 0.998986 0.034796 -0.028577 -0.016505 0.873478 0.486583 0.041893 -0.485618 0.873167 3626ap01.dat
1 15 -6.999290 -56.920680 45.380280 0.998986 0.034796 -0.028577 -0.016505 0.873478 0.486583 0.041893 -0.485618 0.873167 3838.dat
1 15 -22.248180 -48.883400 40.402330 0.990401 -0.135240 -0.028577 0.131967 0.863610 0.486583 -0.041126 -0.485684 0.873167 3818.dat
1 15 16.522210 -49.260330 21.083110 0.996533 0.020633 -0.080605 0.000000 0.968766 0.247977 0.083204 -0.247117 0.965407 3820.dat
1 15 -29.498240 -37.757190 23.084880 0.995693 0.053918 0.075422 -0.031969 0.963278 -0.266598 -0.087027 0.263039 0.960852 3820.dat
1 15 -6.999290 -56.920680 45.380280 0.998986 0.034796 -0.028577 -0.016505 0.873478 0.486583 0.041893 -0.485618 0.873167 973p90.dat
1 15 -5.885820 -28.969370 29.840490 0.998986 0.034796 -0.028577 -0.016505 0.873478 0.486583 0.041893 -0.485618 0.873167 73200b-f1.dat
1 15 8.765659 -49.423320 41.718240 0.978390 0.191636 0.077643 -0.165340 0.499624 0.850316 0.124159 -0.844779 0.520513 3819.dat
1 15 -7.903990 -79.631100 58.006360 0.998986 0.034796 -0.028577 -0.016505 0.873478 0.486583 0.041893 -0.485618 0.873167 3842a.dat
0 NOFILE
0 FILE White 2
0 White 2
0 Name:  White 2
0 Author:  
0 CustomBrick
0 FlexibleBrickControlPointUnitLength -1
0 FlexibleBrickLockedControlPoint 
0 NumOfBricks:  10
1 0 17.570490 -91.304080 -6.683830 0.000000 0.000000 -1.000000 0.000000 1.000000 0.000000 1.000000 0.000000 0.000000 4360.dat
1 14 -3.914010 -90.724670 39.790300 1.000000 0.000000 0.000000 0.000000 0.964716 0.263292 0.000000 -0.263292 0.964716 3626ap01.dat
1 15 -3.914000 -65.642040 32.944720 1.000000 0.000000 0.000000 0.000000 0.964716 0.263292 0.000000 -0.263292 0.964716 3838.dat
1 15 -19.488610 -57.049140 30.599540 0.985495 -0.169703 0.000000 0.163715 0.950723 0.263292 -0.044681 -0.259473 0.964716 3818.dat
1 15 17.570500 -57.252510 9.398960 1.000000 0.000000 0.000000 0.000000 0.964716 0.263292 0.000000 -0.263292 0.964716 3820.dat
1 15 -27.640430 -42.305240 16.728150 0.991565 0.048984 0.119998 0.015661 0.873770 -0.486088 -0.128661 0.483867 0.865632 3820.dat
1 15 -3.914000 -65.642040 32.944720 1.000000 0.000000 0.000000 0.000000 0.964716 0.263292 0.000000 -0.263292 0.964716 973p90.dat
1 15 -3.913990 -34.771110 24.519380 1.000000 0.000000 0.000000 0.000000 0.964716 0.263292 0.000000 -0.263292 0.964716 73200b-f1.dat
1 15 11.557800 -57.079520 30.607830 0.985328 0.120683 0.120683 -0.164649 0.485973 0.858324 0.044936 -0.865601 0.498713 3819.dat
1 15 -3.914010 -90.724660 39.790310 1.000000 0.000000 0.000000 0.000000 0.964716 0.263292 0.000000 -0.263292 0.964716 3842a.dat
0 NOFILE
