0 6803 Space Patrol
0 SetNumber: 6803
0 Name: Space Patrol
0 Author: Kristopher Wilson
0 NumOfBricks:  29
1 7 17.557430 -8.000000 -52.133380 0.000000 0.000000 1.000000 0.000000 1.000000 0.000000 -1.000000 0.000000 0.000000 3034.dat
1 7 57.557400 -16.000000 -32.133380 1.000000 0.000000 0.000000 0.000000 1.000000 0.000000 0.000000 0.000000 1.000000 3933.dat
1 7 -22.442580 -16.000000 -32.133410 1.000000 0.000000 0.000000 0.000000 1.000000 0.000000 0.000000 0.000000 1.000000 3934.dat
1 7 17.557450 -16.000000 -122.133400 1.000000 0.000000 0.000000 0.000000 1.000000 0.000000 0.000000 0.000000 1.000000 3839b.dat
1 1 17.557440 -24.000000 -42.133400 -1.000000 0.000000 0.000000 0.000000 1.000000 0.000000 0.000000 0.000000 -1.000000 3023.dat
1 1 67.557390 -24.000000 37.866620 0.000000 0.000000 1.000000 0.000000 1.000000 0.000000 -1.000000 0.000000 0.000000 3024.dat
1 1 -32.442570 -24.000000 37.866580 0.000000 0.000000 1.000000 0.000000 1.000000 0.000000 -1.000000 0.000000 0.000000 3024.dat
1 1 47.557430 -40.000000 37.866620 1.000000 0.000000 0.000000 0.000000 1.000000 0.000000 0.000000 0.000000 1.000000 4286.dat
1 1 -12.442560 -40.000000 37.866590 1.000000 0.000000 0.000000 0.000000 1.000000 0.000000 0.000000 0.000000 1.000000 4286.dat
1 1 17.557440 -24.000000 -22.133410 1.000000 0.000000 0.000000 0.000000 1.000000 0.000000 0.000000 0.000000 1.000000 3829c01.dat
1 1 7.557440 -32.000000 -42.133400 0.000000 0.000000 1.000000 0.000000 1.000000 0.000000 -1.000000 0.000000 0.000000 4081a.dat
1 1 27.557440 -32.000000 -42.133400 0.000000 0.000000 -1.000000 0.000000 1.000000 0.000000 1.000000 0.000000 0.000000 4081a.dat
1 46 47.557440 -30.000000 -52.133380 -1.000000 0.000000 0.000000 0.000000 0.000000 1.000000 0.000000 1.000000 0.000000 6141.dat
1 46 -12.442550 -30.000000 -52.133400 -1.000000 0.000000 0.000000 0.000000 0.000000 1.000000 0.000000 1.000000 0.000000 6141.dat
1 36 43.557460 -10.000000 -136.773400 0.000000 0.000000 -1.000000 1.000000 0.000000 0.000000 0.000000 -1.000000 0.000000 3062b.dat
1 36 -8.442540 -10.000000 -136.773400 0.000000 0.000000 -1.000000 1.000000 0.000000 0.000000 0.000000 -1.000000 0.000000 3062b.dat
1 1 -32.442560 -48.500000 37.866580 0.000000 0.000000 1.000000 0.000000 1.000000 0.000000 -1.000000 0.000000 0.000000 3963.dat
1 1 67.557390 -48.500000 37.866620 0.000000 0.000000 -1.000000 0.000000 1.000000 0.000000 1.000000 0.000000 0.000000 3963.dat
1 1 -32.442560 -56.000000 37.866580 0.000000 0.000000 -1.000000 0.000000 1.000000 0.000000 1.000000 0.000000 0.000000 3957.dat
1 15 0.000000 0.000000 0.000000 1.000000 0.000000 0.000000 0.000000 1.000000 0.000000 0.000000 0.000000 1.000000 3815.dat
1 15 0.000000 12.000000 0.000000 1.000000 0.000000 0.000000 0.000000 0.000000 1.000000 0.000000 -1.000000 0.000000 3816.dat
1 15 0.000000 12.000000 0.000000 1.000000 0.000000 0.000000 0.000000 -0.000001 1.000000 0.000000 -1.000000 -0.000001 3817.dat
1 15 17.557410 -69.000000 15.866610 1.000000 0.000000 0.000000 0.000000 1.000000 0.000000 0.000000 0.000000 1.000000 973p90.dat
1 15 33.029200 -60.124320 15.866610 0.985328 0.170671 0.000000 -0.170671 0.985328 0.000000 0.000000 0.000000 1.000000 3819.dat
1 15 1.982800 -60.092840 15.866600 0.985495 -0.139013 -0.097338 0.169703 0.807270 0.565257 0.000000 -0.573577 0.819152 3818.dat
1 15 -4.661210 -50.973160 -2.813280 0.999563 0.002541 0.029468 0.002541 0.985245 -0.171130 -0.029468 0.171129 0.984808 3820.dat
1 15 41.198600 -42.256440 5.866620 0.991469 -0.049255 -0.120683 -0.049255 0.715638 -0.696732 0.120683 0.696732 0.707107 3820.dat
1 15 17.557410 -69.000000 15.866610 1.000000 0.000000 0.000000 0.000000 1.000000 0.000000 0.000000 0.000000 1.000000 3838.dat
1 14 17.557410 -93.000000 15.866610 1.000000 0.000000 0.000000 0.000000 1.000000 0.000000 0.000000 0.000000 1.000000 3626ap01.dat
1 0 -5.455330 -74.977220 -31.819200 0.027760 0.010210 -0.999563 -0.424498 0.905425 -0.002541 0.905003 0.424383 0.029468 4360.dat
1 15 17.557410 -93.000000 15.866610 1.000000 0.000000 0.000000 0.000000 1.000000 0.000000 0.000000 0.000000 1.000000 3842a.dat
0 NOFILE
