0 6903 Bug Blaster
0 SetNumber: 6903
0 Name: Bug Blaster
0 Author: Kristopher Wilson
0 NumOfBricks:  30
1 8 0.000420 -83.500590 59.387960 -1.000000 -0.000013 0.000002 -0.000013 0.965926 -0.258819 0.000002 -0.258819 -0.965926 973p57.dat
1 8 0.000000 -52.591120 51.105800 1.000000 0.000000 0.000000 0.000000 0.965926 0.258819 0.000000 -0.258818 0.965926 3815.dat
1 0 0.000030 -41.000000 47.999930 1.000000 0.000000 0.000000 0.000000 0.000000 1.000000 0.000000 -1.000000 0.000000 3816.dat
1 0 0.000030 -41.000000 47.999930 1.000000 0.000000 0.000000 0.000000 0.000000 1.000000 0.000000 -1.000000 0.000000 3817.dat
1 0 0.000420 -83.500600 59.387960 1.000000 -0.000013 -0.000005 0.000014 0.965926 0.258819 0.000002 -0.258819 0.965926 3838.dat
1 2 -15.471490 -74.927540 57.090810 0.985326 -0.147187 -0.086423 0.164868 0.689690 0.705086 -0.044175 -0.708988 0.703835 3818.dat
1 2 15.574920 -74.896730 57.082600 0.985498 0.153256 0.072852 -0.163908 0.748604 0.642438 0.043921 -0.645062 0.762867 3819.dat
1 0 -22.373740 -69.346110 37.154490 0.999067 0.004422 0.042967 -0.004894 0.999929 0.010886 -0.042916 -0.011087 0.999016 3820.dat
1 0 22.685960 -67.918240 37.417650 0.998326 -0.010661 -0.056854 0.006371 0.997156 -0.075068 0.057494 0.074585 0.995554 3820.dat
1 8 0.000790 -108.943100 66.205210 1.000000 -0.000013 -0.000005 0.000014 0.965926 0.258819 0.000002 -0.258819 0.965926 3626b.dat
1 34 0.000760 -108.460100 66.075820 1.000000 -0.000013 -0.000005 0.000014 0.965926 0.258819 0.000002 -0.258819 0.965926 30214.dat
1 42 -23.227980 -95.999190 20.307800 0.040287 0.015579 -0.999067 -0.252771 0.967514 0.004894 0.966687 0.252338 0.042916 30213.dat
0 STEP
1 1 0.000010 -8.000000 9.999969 1.000000 0.000000 0.000000 0.000000 1.000000 0.000000 0.000000 0.000000 1.000000 2625.dat
1 42 -10.000000 -32.000000 69.999960 0.000000 0.000000 -1.000000 0.000000 1.000000 0.000000 1.000000 0.000000 0.000000 4589.dat
1 42 10.000000 -32.000000 70.000000 0.000000 0.000000 -1.000000 0.000000 1.000000 0.000000 1.000000 0.000000 0.000000 4589.dat
1 8 -40.000020 -32.000000 69.999980 1.000000 0.000000 0.000000 0.000000 1.000000 0.000000 0.000000 0.000000 1.000000 3298.dat
1 8 40.000000 -32.000000 70.000000 1.000000 0.000000 0.000000 0.000000 1.000000 0.000000 0.000000 0.000000 1.000000 3298.dat
1 0 0.000000 -32.000000 19.999990 0.000000 0.000000 -1.000000 0.000000 1.000000 0.000000 1.000000 0.000000 0.000000 3001.dat
1 0 0.000000 -40.000000 70.000020 1.000000 0.000000 0.000000 0.000000 1.000000 0.000000 0.000000 0.000000 1.000000 2431.dat
1 0 0.000020 -32.000000 -30.000020 1.000000 0.000000 0.000000 0.000000 1.000000 0.000000 0.000000 0.000000 1.000000 3039.dat
1 0 -50.000020 -40.000000 70.000020 1.000000 0.000000 0.000000 0.000000 1.000000 0.000000 0.000000 0.000000 1.000000 2555.dat
1 0 50.000000 -40.000000 70.000000 1.000000 0.000000 0.000000 0.000000 1.000000 0.000000 0.000000 0.000000 1.000000 2555.dat
1 8 0.000010 -56.000000 -30.000010 1.000000 0.000000 0.000000 0.000000 1.000000 0.000000 0.000000 0.000000 1.000000 3004.dat
1 8 0.000000 -56.000000 -10.000020 -1.000000 0.000000 0.000000 0.000000 1.000000 0.000000 0.000000 0.000000 -1.000000 3039p67.dat
1 1 0.000000 -64.000010 -10.000020 -1.000000 0.000000 0.000000 0.000000 1.000000 0.000000 0.000000 0.000000 -1.000000 3839b.dat
1 1 0.000000 -64.000010 -29.999990 -1.000000 0.000000 0.000000 0.000000 1.000000 0.000000 0.000000 0.000000 -1.000000 30209.dat
1 42 0.000000 -61.000000 -60.000000 -1.000000 0.000000 0.000000 0.000000 0.000000 1.000000 0.000000 1.000000 0.000000 30208.dat
1 0 0.000000 -72.000010 -20.000020 -1.000000 0.000000 0.000000 0.000000 1.000000 0.000000 0.000000 0.000000 -1.000000 3068bp55.dat
1 42 -50.000030 -46.000000 78.970050 0.000000 0.000000 1.000000 1.000000 0.000000 0.000000 0.000000 1.000000 0.000000 2569.dat
1 42 50.000000 -46.000000 78.540010 0.000000 0.000000 1.000000 1.000000 0.000000 0.000000 0.000000 1.000000 0.000000 2569.dat
0 STEP
