0 Untitled Model
0 Name:  UntitledModel
0 Author:  
0 CustomBrick
1 7 -0.000020 -16.000010 -40.000020 0.000000 0.000000 -1.000000 0.000000 1.000000 0.000000 1.000000 0.000000 0.000000 3034.dat
1 7 -0.000010 -8.000010 39.999990 0.000000 0.000000 -1.000000 0.000000 1.000000 0.000000 1.000000 0.000000 0.000000 3022.dat
1 7 -0.000020 -8.000010 -60.000030 0.000000 0.000000 -1.000000 0.000000 1.000000 0.000000 1.000000 0.000000 0.000000 3022.dat
1 7 -40.000020 -24.000010 -20.000020 1.000000 0.000000 0.000000 0.000000 1.000000 0.000000 0.000000 0.000000 1.000000 3934.dat
1 7 40.000010 -24.000010 -20.000010 1.000000 0.000000 0.000000 0.000000 1.000000 0.000000 0.000000 0.000000 1.000000 3933.dat
1 7 -0.000010 -16.000010 50.000030 1.000000 0.000000 0.000000 0.000000 1.000000 0.000000 0.000000 0.000000 1.000000 3460.dat
1 7 -0.000030 -24.000010 -110.000000 1.000000 0.000000 0.000000 0.000000 1.000000 0.000000 0.000000 0.000000 1.000000 3839a.dat
1 7 -0.000010 -48.000100 50.000040 -1.000000 0.000000 0.000000 0.000000 1.000000 0.000000 0.000000 0.000000 -1.000000 3633.dat
1 36 -70.000020 -24.000010 50.000030 0.000000 0.000000 -1.000000 0.000000 1.000000 0.000000 1.000000 0.000000 0.000000 3024.dat
1 36 70.000010 -24.000010 50.000030 0.000000 0.000000 -1.000000 0.000000 1.000000 0.000000 1.000000 0.000000 0.000000 3024.dat
1 7 0.000000 -48.000000 -30.000020 1.000000 0.000000 0.000000 0.000000 1.000000 0.000000 0.000000 0.000000 1.000000 3298p90.dat
1 7 -50.000030 -32.000090 29.999980 0.000000 0.000000 -1.000000 0.000000 1.000000 0.000000 1.000000 0.000000 0.000000 3957.dat
1 33 -30.000020 -38.000090 60.000040 -1.000000 0.000000 0.000000 0.000000 0.000000 1.000000 0.000000 1.000000 0.000000 3062b.dat
1 33 30.000000 -38.000090 60.000030 -1.000000 0.000000 0.000000 0.000000 0.000000 1.000000 0.000000 1.000000 0.000000 3062b.dat
1 7 0.000000 -32.000090 -10.000010 1.000000 0.000000 0.000000 0.000000 1.000000 0.000000 0.000000 0.000000 1.000000 3829c01.dat
1 4 0.000190 -45.000140 27.999250 1.000000 0.000000 -0.000001 0.000000 1.000000 0.000000 0.000000 0.000000 0.999997 3815.dat
1 4 0.000160 -33.000080 27.999980 1.000000 0.000001 0.000000 0.000000 0.000001 1.000000 0.000001 -1.000001 0.000000 3816.dat
1 4 0.000000 -33.000080 27.999980 1.000000 0.000001 0.000000 0.000000 0.000000 1.000000 0.000001 -1.000000 0.000000 3817.dat
1 4 0.000160 -77.000020 27.999980 1.000000 0.000000 -0.000001 0.000000 1.000000 0.000000 0.000000 0.000000 1.000000 973p90.dat
1 4 15.471960 -68.124340 28.000010 0.985329 0.170671 0.000000 -0.170671 0.985328 0.000000 0.000000 0.000000 1.000000 3819.dat
1 4 23.641260 -50.256450 18.000050 0.991469 -0.049255 -0.120683 -0.049255 0.715637 -0.696732 0.120683 0.696727 0.707101 3820.dat
1 4 0.000160 -77.000010 27.999980 1.000000 0.000000 -0.000001 0.000000 1.000000 0.000000 0.000000 0.000000 1.000000 3838.dat
1 14 0.000160 -101.000100 27.999960 1.000000 0.000000 -0.000001 0.000000 1.000000 0.000000 0.000000 0.000000 1.000000 3626ap01.dat
1 4 0.000160 -101.000100 27.999980 1.000000 0.000000 -0.000001 0.000000 1.000000 0.000000 0.000000 0.000000 1.000000 3842a.dat
1 4 -15.574420 -68.092980 28.000250 0.985496 -0.169704 -0.000001 0.169705 0.985495 0.000000 0.000001 -0.000001 1.000000 3818.dat
1 4 -23.726230 -50.217380 18.500630 0.991565 0.048982 0.119999 0.048985 0.715545 -0.696849 -0.119997 0.696845 0.707104 3820.dat
