0 886 Space Buggy
0 SetNumber: 886
0 Name: Space Buggy
0 Author: Kristopher Wilson
1 7 0.000000 -32.000010 -19.999990 0.000000 0.000000 -1.000000 0.000000 1.000000 0.000000 1.000000 0.000000 0.000000 3795.dat
1 7 -0.000010 -24.000010 -20.000000 -1.000000 0.000000 0.000000 0.000000 1.000000 0.000000 0.000000 0.000000 -1.000000 3020.dat
1 7 0.000000 -24.000010 -59.999990 -1.000000 0.000000 0.000000 0.000000 1.000000 0.000000 0.000000 0.000000 -1.000000 122c03.dat
1 7 0.000000 -24.000010 20.000010 -1.000000 0.000000 0.000000 0.000000 1.000000 0.000000 0.000000 0.000000 -1.000000 122c03.dat
1 7 0.000000 -40.000010 -70.000000 1.000000 0.000000 0.000000 0.000000 1.000000 0.000000 0.000000 0.000000 1.000000 3794a.dat
1 7 0.000000 -40.000010 -70.000000 -1.000000 0.000000 0.000000 0.000000 1.000000 0.000000 0.000000 0.000000 -1.000000 3838.dat
1 7 0.000000 -56.000010 30.000010 1.000000 0.000000 0.000000 0.000000 1.000000 0.000000 0.000000 0.000000 1.000000 3039.dat
1 7 -10.000000 -64.000010 30.000010 0.000000 0.000000 -1.000000 0.000000 1.000000 0.000000 1.000000 0.000000 0.000000 3957.dat
1 7 0.000000 -40.000010 -50.000000 1.000000 0.000000 0.000000 0.000000 1.000000 0.000000 0.000000 0.000000 1.000000 3829c01.dat
1 15 0.000160 -53.000000 -12.000720 1.000000 0.000000 -0.000001 0.000000 0.999999 0.000000 0.000001 0.000000 0.999997 3815.dat
1 15 0.000160 -41.000000 -11.999980 1.000000 0.000001 0.000000 0.000000 0.000000 1.000000 0.000001 -1.000000 0.000000 3816.dat
1 15 0.000010 -41.000000 -12.000000 1.000000 0.000001 0.000000 0.000000 0.000000 1.000000 0.000001 -1.000000 0.000000 3817.dat
1 15 0.000150 -84.999970 -12.000000 1.000000 0.000000 -0.000001 0.000000 1.000000 0.000000 0.000001 0.000000 1.000000 973p90.dat
1 15 15.471970 -76.124280 -11.999970 0.985329 0.170671 0.000000 -0.170671 0.985328 0.000000 0.000000 0.000000 1.000000 3819.dat
1 15 23.641260 -58.256360 -21.999920 0.991469 -0.049255 -0.120683 -0.049255 0.715637 -0.696731 0.120683 0.696727 0.707101 3820.dat
1 15 0.000150 -84.999950 -11.999980 1.000000 0.000000 -0.000001 0.000000 1.000000 0.000000 0.000001 0.000000 1.000000 3838.dat
1 14 0.000150 -109.000000 -12.000030 1.000000 0.000000 -0.000001 0.000000 1.000000 0.000000 0.000001 0.000000 1.000000 3626ap01.dat
1 15 0.000150 -109.000000 -12.000000 1.000000 0.000000 -0.000001 0.000000 1.000000 0.000000 0.000001 0.000000 1.000000 3842a.dat
1 15 -15.574420 -76.092940 -11.999720 0.985496 -0.084851 -0.146969 0.169704 0.492747 0.853464 0.000001 -0.866026 0.500000 3818.dat
1 15 -20.717890 -75.686930 -33.203810 0.999018 0.005698 -0.043923 0.005700 0.966903 0.255064 0.043924 -0.255071 0.965923 3820.dat
1 7 -20.213850 -90.114200 -42.796160 0.999019 -0.005372 -0.043964 0.005699 0.999957 0.007334 0.043923 -0.007577 0.999006 3959.dat
1 34 -19.158710 -90.290240 -66.772310 0.999019 0.043964 -0.005371 0.005699 -0.007334 0.999957 0.043923 -0.999006 -0.007577 3062b.dat
