0 30314 Go-Kart Racer
0 SetNumber: 30314
0 Name: Go-Kart Racer
0 Author: Kristopher Wilson
0 NumOfBricks:  51
1 2 -60.000000 -8.000000 40.000000 1.000000 0.000000 0.000000 0.000000 1.000000 0.000000 0.000000 0.000000 1.000000 3020.dat
1 71 -60.000000 -32.000000 40.000000 1.000000 0.000000 0.000000 0.000000 1.000000 0.000000 0.000000 0.000000 1.000000 92947.dat
1 71 -60.000000 -110.740000 39.999990 1.000000 0.000000 0.000000 0.000000 -1.000000 0.000000 0.000000 0.000000 -1.000000 63965.dat
1 71 -60.000000 -146.920000 29.999980 1.000000 0.000000 0.000000 0.000000 0.000000 -1.000000 0.000000 1.000000 0.000000 4595.dat
1 15 -60.000000 -156.920000 21.999980 0.000000 0.000000 1.000000 1.000000 0.000000 0.000000 0.000000 1.000000 0.000000 3710.dat
1 36 -60.000000 -186.920000 13.999980 1.000000 0.000000 0.000000 0.000000 0.000000 -1.000000 0.000000 1.000000 0.000000 98138.dat
1 36 -60.000000 -166.920000 13.999980 1.000000 0.000000 0.000000 0.000000 0.000000 -1.000000 0.000000 1.000000 0.000000 98138.dat
1 34 -60.000000 -126.920000 13.999980 1.000000 0.000000 0.000000 0.000000 0.000000 -1.000000 0.000000 1.000000 0.000000 98138.dat
1 34 -60.000000 -146.920000 13.999980 1.000000 0.000000 0.000000 0.000000 0.000000 -1.000000 0.000000 1.000000 0.000000 98138.dat
1 0 100.000000 -8.000000 40.000020 -1.000000 0.000000 0.000000 0.000000 1.000000 0.000000 0.000000 0.000000 -1.000000 3020.dat
1 0 100.000000 -16.000000 40.000020 0.000000 0.000000 -1.000000 0.000000 1.000000 0.000000 1.000000 0.000000 0.000000 3020.dat
1 71 100.000000 -16.000000 0.000010 1.000000 0.000000 0.000000 0.000000 1.000000 0.000000 0.000000 0.000000 1.000000 6157.dat
1 71 100.000000 -16.000000 80.000020 1.000000 0.000000 0.000000 0.000000 1.000000 0.000000 0.000000 0.000000 1.000000 6157.dat
1 15 70.000020 -16.000000 40.000020 0.000000 0.000000 1.000000 0.000000 1.000000 0.000000 -1.000000 0.000000 0.000000 32028.dat
1 15 130.000000 -16.000000 40.000030 0.000000 0.000000 -1.000000 0.000000 1.000000 0.000000 1.000000 0.000000 0.000000 32028.dat
1 0 100.000000 -24.000000 40.000020 1.000000 0.000000 0.000000 0.000000 1.000000 0.000000 0.000000 0.000000 1.000000 3020.dat
1 0 100.000000 -16.000000 90.000030 -1.000000 0.000000 0.000000 0.000000 1.000000 0.000000 0.000000 0.000000 -1.000000 50949.dat
1 4 110.000000 -16.000000 -29.999990 1.000000 0.000000 0.000000 0.000000 1.000000 0.000000 0.000000 0.000000 1.000000 2420.dat
1 4 90.000030 -16.000000 -29.999990 0.000000 0.000000 -1.000000 0.000000 1.000000 0.000000 1.000000 0.000000 0.000000 2420.dat
1 15 100.000000 -24.000000 80.000020 1.000000 0.000000 0.000000 0.000000 1.000000 0.000000 0.000000 0.000000 1.000000 3022.dat
1 15 100.000000 -24.000000 0.000010 1.000000 0.000000 0.000000 0.000000 1.000000 0.000000 0.000000 0.000000 1.000000 3022.dat
1 15 100.000000 -24.000000 -29.999990 1.000000 0.000000 0.000000 0.000000 1.000000 0.000000 0.000000 0.000000 1.000000 3710.dat
1 72 100.000000 -32.000000 90.000030 1.000000 0.000000 0.000000 0.000000 1.000000 0.000000 0.000000 0.000000 1.000000 15573.dat
1 0 100.000000 -72.000000 70.000020 1.000000 0.000000 0.000000 0.000000 1.000000 0.000000 0.000000 0.000000 1.000000 6187.dat
1 72 100.000000 -56.000000 90.000030 1.000000 0.000000 0.000000 0.000000 1.000000 0.000000 0.000000 0.000000 1.000000 4733.dat
1 179 109.840000 -46.000000 90.000030 0.000000 -1.000000 0.000000 0.000000 0.000000 1.000000 -1.000000 0.000000 0.000000 11092.dat
1 179 87.960010 -46.000000 90.000030 0.000000 1.000000 0.000000 0.499999 0.000000 0.866026 0.866026 0.000000 -0.499999 13608.dat
1 4 70.000020 -24.000000 40.000020 1.000000 0.000000 0.000000 0.000000 1.000000 0.000000 0.000000 0.000000 1.000000 61409.dat
1 4 130.000000 -24.000000 40.000020 1.000000 0.000000 0.000000 0.000000 1.000000 0.000000 0.000000 0.000000 1.000000 61409.dat
1 4 100.000000 -32.000000 10.000010 1.000000 0.000000 0.000000 0.000000 1.000000 0.000000 0.000000 0.000000 1.000000 3829c01.dat
1 4 100.000000 -32.000000 -9.999990 1.000000 0.000000 0.000000 0.000000 1.000000 0.000000 0.000000 0.000000 1.000000 3023.dat
1 15 100.000000 -24.000000 -19.999990 1.000000 0.000000 0.000000 0.000000 1.000000 0.000000 0.000000 0.000000 1.000000 15068.dat
1 15 142.000000 -11.000000 0.000000 0.000000 0.000000 -1.000000 0.000000 1.000000 0.000000 1.000000 0.000000 0.000000 74967.dat
1 15 142.000000 -11.000000 80.000020 0.000000 0.000000 -1.000000 0.000000 1.000000 0.000000 1.000000 0.000000 0.000000 74967.dat
1 15 58.000020 -11.000000 0.000010 0.000000 0.000000 1.000000 0.000000 1.000000 0.000000 -1.000000 0.000000 0.000000 74967.dat
1 15 58.000000 -11.000000 80.000040 0.000000 0.000000 1.000000 0.000000 1.000000 0.000000 -1.000000 0.000000 0.000000 74967.dat
1 0 53.000020 -11.000000 0.000010 1.000000 0.000000 0.000000 0.000000 -0.707107 -0.707107 0.000000 0.707107 -0.707107 30028.dat
1 0 53.000000 -11.000000 80.000040 1.000000 0.000000 0.000000 0.000000 -0.707107 -0.707107 0.000000 0.707107 -0.707107 30028.dat
1 0 137.000000 -11.000000 80.000020 1.000000 0.000000 0.000000 0.000000 0.707107 -0.707107 0.000000 0.707107 0.707107 30028.dat
1 0 137.000000 -11.000000 0.000000 1.000000 0.000000 0.000000 0.000000 0.707107 -0.707107 0.000000 0.707107 0.707107 30028.dat
1 2 100.000000 -33.000000 48.000020 1.000000 0.000000 0.000000 0.000000 0.000000 1.000000 0.000000 -1.000000 0.000000 3817.dat
1 2 100.000000 -33.000000 48.000020 1.000000 0.000000 0.000000 0.000000 0.000000 1.000000 0.000000 -1.000000 0.000000 3816.dat
1 4 100.000000 -45.000000 48.000020 1.000000 0.000000 0.000000 0.000000 1.000000 0.000000 0.000000 0.000000 1.000000 3815.dat
1 15 100.000000 -77.000000 48.000020 1.000000 0.000000 0.000000 0.000000 1.000000 0.000000 0.000000 0.000000 1.000000 973.dat
1 2 115.471800 -68.124320 48.000020 0.985328 0.120683 0.120682 -0.170671 0.696734 0.696731 0.000000 -0.707106 0.707108 3819.dat
1 72 121.484600 -62.707050 27.493930 1.000000 0.000000 0.000000 0.000000 1.000000 0.000000 0.000000 0.000000 1.000000 3820.dat
1 2 84.425380 -68.092830 48.000020 0.985495 -0.159469 -0.058042 0.169703 0.926063 0.337059 0.000000 -0.342020 0.939693 3818.dat
1 72 77.019410 -54.548220 32.574550 0.997302 0.015669 0.071720 0.015669 0.909006 -0.416488 -0.071720 0.416488 0.906308 3820.dat
1 14 100.000000 -101.000000 48.000020 1.000000 0.000000 0.000000 0.000000 1.000000 0.000000 0.000000 0.000000 1.000000 3626cp7n.dat
1 4 100.000000 -101.000000 48.000020 1.000000 0.000000 0.000000 0.000000 1.000000 0.000000 0.000000 0.000000 1.000000 2446.dat
1 40 100.000000 -101.000000 48.000020 1.000000 0.000000 0.000000 0.000000 1.000000 0.000000 0.000000 0.000000 1.000000 2447.dat
