0 30706 Quidditch Lesson
0 SetNumber: 30706
0 Name: Quidditch Lesson
0 Author: Kristopher Wilson
0 Notes: Missing printed pieces: minifigure torso and minifigure head
1 72 -80.000010 -24.000000 9.999969 1.000000 0.000000 0.000000 0.000000 1.000000 0.000000 0.000000 0.000000 1.000000 41879b.dat
1 0 -80.000010 -56.000000 9.999969 1.000000 0.000000 0.000000 0.000000 1.000000 0.000000 0.000000 0.000000 1.000000 973.dat
1 0 -64.528220 -47.124320 9.999969 0.985328 0.170671 0.000000 -0.170671 0.985328 0.000000 0.000000 0.000000 1.000000 3819.dat
1 0 -95.574630 -47.092840 9.999969 0.985495 -0.169703 0.000000 0.169703 0.985495 0.000000 0.000000 0.000000 1.000000 3818.dat
1 78 -56.358880 -29.256440 -0.000050 0.991469 -0.049255 -0.120682 -0.049255 0.715638 -0.696732 0.120682 0.696732 0.707107 3820.dat
1 78 -103.726500 -29.216940 0.499950 0.991565 0.048984 0.119998 0.048984 0.715542 -0.696850 -0.119998 0.696850 0.707107 3820.dat
1 78 -80.000010 -80.000000 9.999969 1.000000 0.000000 0.000000 0.000000 1.000000 0.000000 0.000000 0.000000 1.000000 3626b.dat
1 0 -80.500010 -80.500000 11.999970 1.000000 0.000000 0.000000 0.000000 1.000000 0.000000 0.000000 0.000000 1.000000 36762.dat
1 308 -104.456100 -19.042340 -1.375730 0.996778 -0.077211 -0.021714 -0.021714 -0.520390 0.853653 -0.077211 -0.850431 -0.520390 64644.dat
1 72 -106.847300 -35.158820 -27.713580 0.996778 0.077211 0.021714 -0.021714 0.520390 -0.853653 -0.077211 0.850431 0.520390 58176.dat
0 STEP
1 2 79.999980 -8.000000 60.000000 1.000000 0.000000 0.000000 0.000000 1.000000 0.000000 0.000000 0.000000 1.000000 18980.dat
1 19 79.999980 -32.000000 69.999980 1.000000 0.000000 0.000000 0.000000 1.000000 0.000000 0.000000 0.000000 1.000000 30136.dat
1 84 59.999940 -32.000000 50.000000 1.000000 0.000000 0.000000 0.000000 1.000000 0.000000 0.000000 0.000000 1.000000 98283.dat
1 19 99.999980 -32.000000 50.000000 1.000000 0.000000 0.000000 0.000000 1.000000 0.000000 0.000000 0.000000 1.000000 30136.dat
1 19 79.999980 -56.000000 60.000000 1.000000 0.000000 0.000000 0.000000 1.000000 0.000000 0.000000 0.000000 1.000000 3003.dat
1 19 110.000000 -32.000000 50.000000 0.000000 0.000000 -1.000000 0.000000 1.000000 0.000000 1.000000 0.000000 0.000000 54200.dat
1 19 49.999960 -32.000000 50.000000 0.000000 0.000000 1.000000 0.000000 1.000000 0.000000 -1.000000 0.000000 0.000000 54200.dat
1 71 79.999980 -96.000000 50.000000 1.000000 0.000000 0.000000 0.000000 1.000000 0.000000 0.000000 0.000000 1.000000 36036.dat
1 71 99.999980 -96.000000 39.999970 1.000000 0.000000 0.000000 0.000000 1.000000 0.000000 0.000000 0.000000 1.000000 bl_973pb5107c01.dat copy
1 71 79.999980 -152.000000 50.000000 1.000000 0.000000 0.000000 0.000000 1.000000 0.000000 0.000000 0.000000 1.000000 3626b.dat
1 179 58.838300 -125.587200 17.750550 0.999995 -0.003051 0.000252 0.003051 0.986485 -0.163824 0.000252 0.163824 0.986490 18031.dat
1 179 99.853320 -128.006500 17.098660 0.995106 0.098811 0.000260 -0.097436 0.981695 -0.163647 -0.016426 0.162821 0.986519 18031.dat
1 70 240.000000 -32.000000 19.999970 1.000000 0.000000 0.000000 0.000000 1.000000 0.000000 0.000000 0.000000 1.000000 4738a.dat
1 70 240.000000 -48.358760 34.481770 1.000000 0.000000 0.000000 0.000000 0.629321 0.777146 0.000000 -0.777146 0.629321 80835.dat
1 320 262.999900 -18.000000 19.999970 1.000000 0.000000 0.000000 0.000000 1.000000 0.000000 0.000000 0.000000 1.000000 32474.dat
1 297 229.974000 -8.000000 15.180850 0.939693 0.000000 0.342021 0.000000 1.000000 0.000000 -0.342021 0.000000 0.939693 37704.dat
1 2 130.000000 -8.000000 -50.000040 0.000000 0.000000 -1.000000 0.000000 1.000000 0.000000 1.000000 0.000000 0.000000 4740.dat
1 148 130.001000 -12.000000 -50.000040 0.000000 0.000000 1.000000 0.000000 1.000000 0.000000 -1.000000 0.000000 0.000000 69767.dat
1 72 122.458500 -49.940740 -50.000040 0.000000 0.000000 1.000000 0.000000 1.000000 0.000000 -1.000000 0.000000 0.000000 69755.dat
1 308 94.974910 -51.000000 -46.000040 0.000000 0.000000 -1.000000 1.000000 0.000000 0.000000 0.000000 -1.000000 0.000000 98138.dat
0 STEP
0 NOFILE
0 FILE bl_973pb5107c01.dat Copy
0 Torso Statue Robe with Dark Bluish Gray Gather Lines, Wrinkles, and Clasp at Right Shoulder Pattern / Light Bluish Gray Arms / Light Bluish Gray Hands
0 Name:  973pb5107c01
0 Author:  Studio
0 FlexibleBrick:  bl_973pb5107c01.dat
0 FlexibleBrickControlPointUnitLength -1
0 FlexibleBrickLockedControlPoint 
1 16 -20.000000 -32.000000 10.000000 1.000000 0.000000 0.000000 0.000000 1.000000 0.000000 0.000000 0.000000 1.000000 973pmc.dat
1 71 -4.528200 -23.124300 10.000000 0.985328 0.109705 0.130742 -0.170671 0.633356 0.754806 0.000000 -0.766045 0.642788 3819.dat
1 71 -35.574600 -23.092800 10.000000 0.985495 -0.109083 -0.130000 0.169703 0.633464 0.754933 0.000000 -0.766044 0.642788 3818.dat
1 71 -41.339730 -19.077390 -10.661310 0.999890 0.000637 -0.014791 0.000637 0.996304 0.085892 0.014791 -0.085892 0.996195 3820.dat
1 71 1.175410 -19.491960 -10.982720 0.995056 0.098189 0.014876 -0.099108 0.991364 0.085878 -0.006314 -0.086927 0.996195 3820.dat
0 NOFILE
