0 FILE 4701 Sorting Hat
0 4701 Sorting Hat
0 SetNumber: 4701
0 Name: Sorting Hat
0 Author: Kristopher Wilson
0 Notes: Missing cape piece, subbed generic cape
0 Labels: incomplete
0 CustomBrick
0 FlexibleBrickControlPointUnitLength -1
0 FlexibleBrickLockedControlPoint 
0 STEP
1 16 22.695710 -77.752140 22.725220 0.707108 0.000000 0.707106 0.000000 1.000000 0.000000 -0.707106 0.000000 0.707108 harry
0 STEP
1 16 24.196670 0.000000 30.354560 1.000000 0.000000 0.000000 0.000000 1.000000 0.000000 0.000000 0.000000 1.000000 apparatus
0 STEP
0 STEP
0 NOFILE
0 FILE Harry
0 Harry
0 Name:  Harry
0 Author:  
0 CustomBrick
0 FlexibleBrickControlPointUnitLength -1
0 FlexibleBrickLockedControlPoint 
0 NumOfBricks:  9
1 7 0.020900 -33.997880 4.166850 1.000000 0.000000 0.000000 0.000000 1.000000 0.000000 0.000000 0.000000 1.000000 73200b-f1.dat copy
1 7 0.020900 -65.997880 4.166850 1.000000 0.000000 0.000000 0.000000 1.000000 0.000000 0.000000 0.000000 1.000000 973ph0.dat
1 7 15.492700 -57.122200 4.166850 0.985328 0.170671 0.000000 -0.170671 0.985328 0.000000 0.000000 0.000000 1.000000 3819.dat
1 7 -15.553720 -57.090720 4.166850 0.985495 -0.169703 0.000000 0.169703 0.985495 0.000000 0.000000 0.000000 1.000000 3818.dat
1 14 -23.705560 -39.214820 -5.333150 0.991565 0.048984 0.119998 0.048984 0.715542 -0.696850 -0.119998 0.696850 0.707107 3820.dat
1 14 23.662080 -39.254320 -5.833150 0.991469 -0.049255 -0.120682 -0.049255 0.715638 -0.696732 0.120682 0.696732 0.707107 3820.dat
1 0 0.020900 -68.000000 4.165210 1.000000 0.000000 0.000000 0.000000 1.000000 0.000000 0.000000 0.000000 1.000000 522.dat
1 14 0.020900 -89.997880 4.166850 1.000000 0.000000 0.000000 0.000000 1.000000 0.000000 0.000000 0.000000 1.000000 3626bph1.dat
1 0 0.020900 -89.997880 4.166850 1.000000 0.000000 0.000000 0.000000 1.000000 0.000000 0.000000 0.000000 1.000000 6131.dat
0 NOFILE
0 FILE 73200b-f1.dat Copy
0 Hips  and Legs Plain
0 Name:  970c00
0 Author:  Max Martin Richter [MMR1988]
0 FlexibleBrick:  73200b-f1.dat
0 FlexibleBrickControlPointUnitLength -1
0 FlexibleBrickLockedControlPoint 
1 16 0.000000 0.000000 0.000000 1.000000 0.000000 0.000000 0.000000 1.000000 0.000000 0.000000 0.000000 1.000000 3815b.dat
1 16 0.000000 12.000000 0.000000 1.000000 0.000000 0.000000 0.000000 0.000000 1.000000 0.000000 -1.000000 0.000000 3816c.dat
1 16 0.000000 12.000000 0.000000 1.000000 0.000000 0.000000 0.000000 -0.000001 1.000000 0.000000 -1.000000 -0.000001 3817c.dat
0 NOFILE
0 FILE Apparatus
0 Apparatus
0 Name:  Apparatus
0 Author:  
0 CustomBrick
0 FlexibleBrickControlPointUnitLength -1
0 FlexibleBrickLockedControlPoint 
1 8 -24.196670 -8.000000 -30.354560 1.000000 0.000000 0.000000 0.000000 1.000000 0.000000 0.000000 0.000000 1.000000 4151a.dat
0 STEP
1 7 -94.196660 -32.000000 39.645450 0.000000 0.000000 1.000000 0.000000 1.000000 0.000000 -1.000000 0.000000 0.000000 2357.dat
1 7 45.803330 -32.000000 39.645440 -1.000000 0.000000 0.000000 0.000000 1.000000 0.000000 0.000000 0.000000 -1.000000 2357.dat
1 7 45.803360 -32.000000 -100.354500 0.000000 0.000000 -1.000000 0.000000 1.000000 0.000000 1.000000 0.000000 0.000000 2357.dat
1 7 -94.196670 -32.000000 -100.354600 1.000000 0.000000 0.000000 0.000000 1.000000 0.000000 0.000000 0.000000 1.000000 2357.dat
1 15 -24.196670 -16.000000 -30.354560 1.000000 0.000000 0.000000 0.000000 1.000000 0.000000 0.000000 0.000000 1.000000 2460.dat
0 STEP
1 0 -94.196660 -56.000000 39.645450 -1.000000 0.000000 0.000000 0.000000 1.000000 0.000000 0.000000 0.000000 -1.000000 3665.dat
1 0 45.803360 -56.000000 -100.354600 0.000000 0.000000 -1.000000 0.000000 1.000000 0.000000 1.000000 0.000000 0.000000 3665.dat
1 0 45.803330 -56.000000 39.645460 0.000000 0.000000 -1.000000 0.000000 1.000000 0.000000 1.000000 0.000000 0.000000 3676.dat
0 STEP
1 16 -24.196670 -15.999990 -30.354550 1.000000 0.000000 0.000000 0.000000 1.000000 0.000000 0.000000 0.000000 1.000000 wheel
0 STEP
1 8 -94.196670 -40.000000 -100.354600 0.707106 0.000000 -0.707107 0.000000 1.000000 0.000000 0.707107 0.000000 0.707106 3024.dat
1 6 -94.196670 -48.000000 -100.354600 0.707107 0.000000 0.707106 0.000000 1.000000 0.000000 -0.707106 0.000000 0.707107 2555.dat
1 0 -50.723780 -54.000000 -56.881580 0.707107 -0.707106 0.000000 0.000000 0.000000 1.000000 -0.707106 -0.707107 0.000000 30374.dat
1 6 -24.196620 -64.000000 -30.354570 0.000000 0.000000 1.000000 0.000000 1.000000 0.000000 -1.000000 0.000000 0.000000 30504.dat
0 STEP
1 19 -24.196660 -64.000000 59.645450 1.000000 0.000000 0.000000 0.000000 1.000000 0.000000 0.000000 0.000000 1.000000 3460.dat
1 19 65.803390 -64.000000 -30.354560 0.000000 0.000000 1.000000 0.000000 1.000000 0.000000 -1.000000 0.000000 0.000000 3460.dat
1 8 65.803330 -64.000000 59.645460 1.000000 0.000000 0.000000 0.000000 1.000000 0.000000 0.000000 0.000000 1.000000 3024.dat
0 STEP
1 0 55.803360 -72.000000 49.645450 1.000000 0.000000 0.000000 0.000000 1.000000 0.000000 0.000000 0.000000 1.000000 3680c01.dat copy
1 0 15.803330 -72.000000 59.645450 1.000000 0.000000 0.000000 0.000000 1.000000 0.000000 0.000000 0.000000 1.000000 3794a.dat
1 0 65.803420 -72.000000 9.645450 0.000000 0.000000 1.000000 0.000000 1.000000 0.000000 -1.000000 0.000000 0.000000 3794a.dat
0 STEP
1 8 -4.196620 -72.000000 -10.354560 1.000000 0.000000 0.000000 0.000000 1.000000 0.000000 0.000000 0.000000 1.000000 2460.dat
1 7 62.874400 -120.000000 42.574410 -0.707106 0.000000 0.707107 0.000000 1.000000 0.000000 -0.707107 0.000000 -0.707106 4864b.dat
1 7 48.732320 -120.000000 56.716500 0.707106 0.000000 -0.707108 0.000000 1.000000 0.000000 0.707107 0.000000 0.707106 4864b.dat
0 STEP
1 6 55.803360 -128.000000 49.645470 0.707108 0.000000 0.707106 0.000000 1.000000 0.000000 -0.707106 0.000000 0.707108 3022.dat
1 7 -4.196620 -82.000010 -10.354560 0.707106 0.707107 0.000000 0.000000 0.000000 1.000000 0.707107 -0.707106 0.000000 6248.dat
0 STEP
1 15 -44.196660 -72.000000 69.645450 1.000000 0.000000 0.000000 0.000000 1.000000 0.000000 0.000000 0.000000 1.000000 3068bp40.dat
0 STEP
1 19 55.803360 -152.000000 49.645480 0.707108 0.000000 0.707106 0.000000 1.000000 0.000000 -0.707106 0.000000 0.707108 3062b.dat
1 6 65.803420 -96.000000 9.645450 1.000000 0.000000 0.000000 0.000000 1.000000 0.000000 0.000000 0.000000 1.000000 3062b.dat
1 6 15.803330 -96.000000 59.645450 1.000000 0.000000 0.000000 0.000000 1.000000 0.000000 0.000000 0.000000 1.000000 3062b.dat
1 7 -94.196640 -88.000000 59.645420 1.000000 0.000000 0.000000 0.000000 1.000000 0.000000 0.000000 0.000000 1.000000 3040b.dat
1 7 65.803390 -88.000000 -100.354500 0.000000 0.000000 1.000000 0.000000 1.000000 0.000000 -1.000000 0.000000 0.000000 3040b.dat
1 6 -94.196640 -112.000000 59.645420 1.000000 0.000000 0.000000 0.000000 1.000000 0.000000 0.000000 0.000000 1.000000 3062b.dat
1 6 65.803390 -112.000000 -100.354600 1.000000 0.000000 0.000000 0.000000 1.000000 0.000000 0.000000 0.000000 1.000000 3062b.dat
1 0 -94.196660 -140.000000 59.645440 0.707106 0.000000 0.707107 0.000000 1.000000 0.000000 -0.707107 0.000000 0.707106 2566.dat
1 0 65.803390 -140.000000 -100.354500 0.707106 0.000000 0.707108 0.000000 1.000000 0.000000 -0.707108 0.000000 0.707106 2566.dat
1 14 15.803330 -136.000000 59.645450 1.000000 0.000000 0.000000 0.000000 1.000000 0.000000 0.000000 0.000000 1.000000 2343.dat
1 14 65.803420 -136.000000 9.645450 1.000000 0.000000 0.000000 0.000000 1.000000 0.000000 0.000000 0.000000 1.000000 2343.dat
1 15 55.803360 -152.000000 49.645480 0.707108 0.000000 0.707106 0.000000 1.000000 0.000000 -0.707106 0.000000 0.707108 40232.dat
0 STEP
0 NOFILE
0 FILE Wheel
0 Wheel
0 Name:  Wheel
0 Author:  
0 CustomBrick
0 FlexibleBrickControlPointUnitLength -1
0 FlexibleBrickLockedControlPoint 
0 NumOfBricks:  3
1 14 0.000000 -27.000000 0.000030 1.000000 0.000000 0.000000 0.000000 1.000000 0.000000 0.000000 0.000000 1.000000 6177ph1.dat
1 4 0.000000 -10.000010 0.000000 1.000000 0.000000 0.000000 0.000000 0.000000 1.000000 0.000000 -1.000000 0.000000 6248.dat
1 0 0.000000 -35.000000 0.000030 1.000000 0.000000 0.000000 0.000000 1.000000 0.000000 0.000000 0.000000 1.000000 4150.dat
0 NOFILE
0 FILE 3680c01.dat Copy
0 Turntable 2 x 2 Plate with Light Gray Top (3680 / 3679)
0 Name:  3680c01
0 Author:  Jonathan Wilson [jonwil]
0 FlexibleBrick:  3680c01.dat
0 FlexibleBrickControlPointUnitLength -1
0 FlexibleBrickLockedControlPoint 
1 7 0.000000 0.000000 0.000000 0.707106 0.000000 -0.707107 0.000000 1.000000 0.000000 0.707107 0.000000 0.707106 3679.dat
1 16 0.000000 0.000000 0.000000 1.000000 0.000000 0.000000 0.000000 1.000000 0.000000 0.000000 0.000000 1.000000 3680.dat
0 NOFILE
