0 30213 Gandalf at Dol Guldur
0 SetNumber: 30213
0 Name: Gandalf at Dol Guldur
0 Author: Kristopher Wilson
0 NumOfBricks:  35
1 72 40.000000 -8.000000 0.000000 1.000000 0.000000 0.000000 0.000000 1.000000 0.000000 0.000000 0.000000 1.000000 3031.dat
1 72 50.000000 -80.000000 10.000000 0.000000 0.000000 -1.000000 0.000000 1.000000 0.000000 1.000000 0.000000 0.000000 4460b.dat
1 72 50.000000 -80.000000 -10.000000 1.000000 0.000000 0.000000 0.000000 1.000000 0.000000 0.000000 0.000000 1.000000 4460b.dat
1 72 30.000000 -80.000000 10.000000 -1.000000 0.000000 0.000000 0.000000 1.000000 0.000000 0.000000 0.000000 -1.000000 4460b.dat
1 71 50.000000 -88.000000 10.000000 -1.000000 0.000000 0.000000 0.000000 1.000000 0.000000 0.000000 0.000000 -1.000000 2420.dat
1 72 10.000000 -32.000000 10.000000 1.000000 0.000000 0.000000 0.000000 1.000000 0.000000 0.000000 0.000000 1.000000 3005.dat
1 71 50.000000 -96.000000 10.000000 -1.000000 0.000000 0.000000 0.000000 1.000000 0.000000 0.000000 0.000000 -1.000000 60897.dat
1 72 50.000000 -96.000000 -10.000000 0.000000 0.000000 -1.000000 0.000000 1.000000 0.000000 1.000000 0.000000 0.000000 61252.dat
1 72 50.000000 -120.000000 10.000000 1.000000 0.000000 0.000000 0.000000 1.000000 0.000000 0.000000 0.000000 1.000000 3005.dat
1 72 30.000000 -112.000000 10.000010 0.000000 0.000000 1.000000 0.000000 1.000000 0.000000 -1.000000 0.000000 0.000000 3040b.dat
1 71 30.000000 -120.000000 10.000010 1.000000 0.000000 0.000000 0.000000 1.000000 0.000000 0.000000 0.000000 1.000000 3024.dat
1 71 50.000000 -104.000000 -10.000000 0.000000 0.000000 1.000000 0.000000 1.000000 0.000000 -1.000000 0.000000 0.000000 60897.dat
1 72 50.000000 -128.000000 -10.000000 1.000000 0.000000 0.000000 0.000000 1.000000 0.000000 0.000000 0.000000 1.000000 3005.dat
1 72 30.000010 -144.000000 10.000020 0.000000 0.000000 -1.000000 0.000000 1.000000 0.000000 1.000000 0.000000 0.000000 3040b.dat
1 72 30.000010 -144.000000 10.000020 0.000000 0.000000 1.000000 0.000000 1.000000 0.000000 -1.000000 0.000000 0.000000 54200.dat
1 72 50.000000 -128.000000 -10.000000 1.000000 0.000000 0.000000 0.000000 1.000000 0.000000 0.000000 0.000000 1.000000 54200.dat
1 0 50.000000 -142.000000 30.000000 1.000000 0.000000 0.000000 0.000000 1.000000 0.000000 0.000000 0.000000 1.000000 93789.dat
1 288 70.000000 -94.000000 -13.090000 0.000000 0.000000 1.000000 1.000000 0.000000 0.000000 0.000000 1.000000 0.000000 55236.dat
1 15 10.000000 -32.000000 -30.000000 1.000000 0.000000 0.000000 0.000000 1.000000 0.000000 0.000000 0.000000 1.000000 3626bpaq.dat
1 72 -80.000000 -40.000000 -9.000000 1.000000 0.000000 0.000000 0.000000 1.000000 0.000000 0.000000 0.000000 1.000000 3815c01.dat
1 72 -80.000000 -72.000000 -9.000000 1.000000 0.000000 0.000000 0.000000 1.000000 0.000000 0.000000 0.000000 1.000000 973pm1.dat
1 72 -80.000000 -74.002120 -9.001639 1.000000 0.000000 0.000000 0.000000 1.000000 0.000000 0.000000 0.000000 1.000000 522.dat
1 72 -95.574630 -63.092840 -9.000000 0.985495 -0.169703 0.000000 0.169703 0.985495 0.000000 0.000000 0.000000 1.000000 3818.dat
1 72 -64.528220 -63.124320 -9.000000 0.985328 0.130741 0.109705 -0.170671 0.754806 0.633356 0.000000 -0.642787 0.766045 3819.dat
1 78 -103.726500 -45.216940 -18.500000 0.979949 -0.159062 0.119998 0.197258 0.689557 -0.696850 0.028097 0.706548 0.707107 3820.dat
1 308 30.000000 -90.800010 -10.000000 1.000000 0.000000 0.000000 0.000000 -1.000000 0.000000 0.000000 0.000000 -1.000000 64644.dat
1 78 -80.000000 -97.350000 -9.000000 1.000000 0.000000 0.000000 0.000000 1.000000 0.000000 0.000000 0.000000 1.000000 3626cpm1.dat
1 72 -80.000000 -97.350000 -9.000000 1.000000 0.000000 0.000000 0.000000 1.000000 0.000000 0.000000 0.000000 1.000000 6131.dat
1 0 -26.435230 0.000000 -71.123970 0.819152 0.000000 0.573577 0.000000 1.000000 0.000000 -0.573577 0.000000 0.819152 30238.dat
1 38 30.000000 -132.800000 -10.000000 1.000000 0.000000 0.000000 0.000000 0.000000 -1.000000 0.000000 1.000000 0.000000 6126b.dat
1 19 32.000010 -33.040500 -24.000000 0.000000 1.000000 0.000000 0.000000 0.000000 -1.000000 -1.000000 0.000000 0.000000 3068bp31.dat
1 71 -80.000000 -73.350000 -9.000000 1.000000 0.000000 0.000000 0.000000 1.000000 0.000000 0.000000 0.000000 1.000000 10052.dat
1 78 -58.214530 -55.969930 -28.873400 0.999889 -0.000636 -0.014875 -0.000645 0.996305 -0.085878 0.014875 0.085878 0.996195 3820.dat
1 70 -57.830340 -106.654200 -56.892650 0.999991 0.004305 -0.000731 0.004305 -0.943891 0.330229 0.000731 -0.330229 -0.943901 63965.dat
1 179 -103.954200 -42.115590 -32.331240 0.991688 -0.124337 -0.033107 0.033107 0.495217 -0.868139 0.124337 0.859826 0.495217 98370.dat
