0 30210 Frodo with Cooking Corner
0 SetNumber: 30210
0 Name: Frodo with Cooking Corner
0 Author: Kristopher Wilson
0 NumOfBricks: 39
1 308 0.000000 -24.000000 -110.000000 1.000000 0.000000 0.000000 0.000000 1.000000 0.000000 0.000000 0.000000 1.000000 41879b.dat
1 378 0.000010 -55.999930 -110.000000 1.000000 0.000000 0.000000 0.000000 1.000000 0.000000 0.000000 0.000000 1.000000 973pm2.dat
1 378 15.471820 -47.124260 -110.000000 0.985328 0.120682 0.120683 -0.170671 0.696733 0.696731 0.000000 -0.707106 0.707108 3819.dat
1 378 -15.574610 -47.092760 -110.000000 0.985495 -0.080454 -0.149420 0.169703 0.467210 0.867707 0.000000 -0.880478 0.474087 3818.dat
1 78 -20.611200 -47.307500 -131.232900 -0.870135 -0.490395 -0.048767 0.458785 -0.842210 0.283194 -0.179949 0.224044 0.957822 3820.dat
1 78 0.000010 -79.999940 -110.000000 1.000000 0.000000 0.000000 0.000000 1.000000 0.000000 0.000000 0.000000 1.000000 3626cpm2.dat
1 308 0.000010 -79.999940 -110.000100 1.000000 0.000000 0.000000 0.000000 1.000000 0.000000 0.000000 0.000000 1.000000 10048.dat
1 297 -31.810900 -68.037080 -129.927800 0.864044 0.487170 0.126856 -0.487170 0.745679 0.454564 0.126856 -0.454564 0.881635 2343.dat
1 78 21.484610 -41.706990 -130.506100 1.000000 0.000000 0.000000 0.000000 1.000000 0.000000 0.000000 0.000000 1.000000 3820.dat
1 2 150.000000 -16.000000 -10.000020 1.000000 0.000000 0.000000 0.000000 1.000000 0.000000 0.000000 0.000000 1.000000 3741.dat
1 15 150.000000 -38.198080 11.131750 1.000000 0.000000 0.000000 0.000000 -0.900871 -0.434086 0.000000 0.434086 -0.900871 3742.dat
1 15 171.692400 -46.224680 -22.557850 0.913619 0.403810 -0.047298 0.403810 -0.887722 0.221106 0.047298 -0.221106 -0.974103 3742.dat
1 15 130.305100 -41.490010 -21.273560 0.920430 -0.388389 0.044292 -0.388389 -0.895776 0.216194 -0.044292 -0.216194 -0.975345 3742.dat
1 70 -110.000000 -24.000000 -10.000020 1.000000 0.000000 0.000000 0.000000 1.000000 0.000000 0.000000 0.000000 1.000000 3062b.dat
1 70 -70.000050 -24.000000 -10.000020 1.000000 0.000000 0.000000 0.000000 1.000000 0.000000 0.000000 0.000000 1.000000 3062b.dat
1 70 -110.000000 -24.000000 -30.000010 1.000000 0.000000 0.000000 0.000000 1.000000 0.000000 0.000000 0.000000 1.000000 3062b.dat
1 70 -70.000050 -24.000000 -30.000010 1.000000 0.000000 0.000000 0.000000 1.000000 0.000000 0.000000 0.000000 1.000000 3062b.dat
1 0 -90.000010 -32.000000 -20.000020 1.000000 0.000000 0.000000 0.000000 1.000000 0.000000 0.000000 0.000000 1.000000 3021.dat
1 70 -73.000050 -54.999980 -20.000020 0.000000 -1.000000 0.000000 0.000000 0.000000 1.000000 -1.000000 0.000000 0.000000 2489.dat
1 70 -64.500060 -54.999980 -20.000020 0.000000 -1.000000 0.000000 0.000000 0.000000 -1.000000 1.000000 0.000000 0.000000 4032a.dat
1 0 -40.500030 -54.999980 -20.000020 0.000000 -1.000000 0.000000 0.000000 0.000000 1.000000 -1.000000 0.000000 0.000000 4599b.dat
1 2 39.999930 -7.999990 10.000020 0.000000 0.000000 1.000000 0.000000 1.000000 0.000000 -1.000000 0.000000 0.000000 3021.dat
1 2 80.000000 -7.999990 10.000020 0.000000 0.000000 1.000000 0.000000 1.000000 0.000000 -1.000000 0.000000 0.000000 3021.dat
1 0 59.999960 -32.000000 30.000020 1.000000 0.000000 0.000000 0.000000 1.000000 0.000000 0.000000 0.000000 1.000000 52107.dat
1 72 29.999980 -32.000000 20.000030 0.000000 0.000000 1.000000 0.000000 1.000000 0.000000 -1.000000 0.000000 0.000000 3004.dat
1 72 89.999980 -32.000000 20.000030 0.000000 0.000000 1.000000 0.000000 1.000000 0.000000 -1.000000 0.000000 0.000000 3004.dat
1 38 70.000000 -22.000000 16.000020 0.000000 0.000000 -1.000000 -1.000000 0.000000 0.000000 0.000000 1.000000 0.000000 64647.dat
1 0 59.999960 -39.999990 20.000030 1.000000 0.000000 0.000000 0.000000 1.000000 0.000000 0.000000 0.000000 1.000000 3020.dat
1 72 29.999980 -63.999990 30.000040 1.000000 0.000000 0.000000 0.000000 1.000000 0.000000 0.000000 0.000000 1.000000 3062b.dat
1 72 89.999980 -63.999990 30.000040 1.000000 0.000000 0.000000 0.000000 1.000000 0.000000 0.000000 0.000000 1.000000 3062b.dat
1 72 49.999970 -87.999980 30.000060 0.000000 0.000000 1.000000 0.000000 1.000000 0.000000 -1.000000 0.000000 0.000000 3040b.dat
1 72 70.000000 -87.999980 30.000060 0.000000 0.000000 -1.000000 0.000000 1.000000 0.000000 1.000000 0.000000 0.000000 3040b.dat
1 0 59.999960 -95.999980 30.000060 1.000000 0.000000 0.000000 0.000000 1.000000 0.000000 0.000000 0.000000 1.000000 3794b.dat
1 70 59.999960 -104.000000 30.000060 1.000000 0.000000 0.000000 0.000000 1.000000 0.000000 0.000000 0.000000 1.000000 6141.dat
1 72 59.999960 -47.999990 10.000040 1.000000 0.000000 0.000000 0.000000 1.000000 0.000000 0.000000 0.000000 1.000000 3069b.dat
1 72 59.999970 -64.000010 30.000040 1.000000 0.000000 0.000000 0.000000 1.000000 0.000000 0.000000 0.000000 1.000000 4865b.dat
1 0 59.999970 -60.999990 13.000040 0.000000 0.000000 1.000000 0.000000 1.000000 0.000000 -1.000000 0.000000 0.000000 4528.dat
1 40 89.999980 -55.999990 -10.000000 1.000000 0.000000 0.000000 0.000000 1.000000 0.000000 0.000000 0.000000 1.000000 95228.dat
1 4 59.999960 -62.999980 12.000000 1.000000 0.000000 0.000000 0.000000 0.000000 1.000000 0.000000 -1.000000 0.000000 33078.dat
