0 Boomer Bill Barrage
0 SetNumber: 71366
0 Name: Boomer Bill Barrage
0 Author: Kristopher Wilson
0 NumOfBricks: 132
1 1 10.000010 -16.000000 89.999980 0.000000 0.000000 -1.000000 0.000000 1.000000 0.000000 1.000000 0.000000 0.000000 66789.dat
1 1 9.999969 -16.000000 289.999900 0.000000 0.000000 -1.000000 0.000000 1.000000 0.000000 1.000000 0.000000 0.000000 66789.dat
1 1 9.999980 -40.000010 89.999980 1.000000 0.000000 0.000000 0.000000 1.000000 0.000000 0.000000 0.000000 1.000000 3001.dat
1 1 9.999969 -40.000010 289.999900 0.000000 0.000000 -1.000000 0.000000 1.000000 0.000000 1.000000 0.000000 0.000000 3001.dat
1 1 9.999980 -8.000000 190.000100 0.000000 0.000000 -1.000000 0.000000 1.000000 0.000000 1.000000 0.000000 0.000000 3832.dat
1 1 -110.000000 -8.000000 89.999980 -1.000000 0.000000 0.000000 0.000000 1.000000 0.000000 0.000000 0.000000 -1.000000 3832.dat
1 1 130.000100 -8.000000 90.000050 -1.000000 0.000000 0.000000 0.000000 1.000000 0.000000 0.000000 0.000000 -1.000000 3832.dat
1 71 9.999980 -48.000010 89.999980 0.000000 0.000000 -1.000000 0.000000 1.000000 0.000000 1.000000 0.000000 0.000000 61485.dat
1 1 9.999980 -8.000000 230.000000 1.000000 0.000000 0.000000 0.000000 1.000000 0.000000 0.000000 0.000000 1.000000 15068.dat
1 1 9.999980 -8.000000 150.000000 -1.000000 0.000000 0.000000 0.000000 1.000000 0.000000 0.000000 0.000000 -1.000000 15068.dat
1 71 9.999980 -16.000000 190.000100 0.000000 0.000000 -1.000000 0.000000 1.000000 0.000000 1.000000 0.000000 0.000000 14769.dat
1 72 10.000000 -79.000330 290.999900 -0.500001 0.000000 -0.866025 0.000000 1.000000 0.000000 0.866025 0.000000 -0.500001 15535.dat
1 72 -20.000040 -40.000010 289.999900 0.000000 0.000000 -1.000000 0.000000 1.000000 0.000000 1.000000 0.000000 0.000000 3659.dat
1 72 39.999980 -40.000010 290.000000 0.000000 0.000000 -1.000000 0.000000 1.000000 0.000000 1.000000 0.000000 0.000000 3659.dat
1 71 9.999969 -48.000010 289.999900 0.000000 0.000000 -1.000000 0.000000 1.000000 0.000000 1.000000 0.000000 0.000000 61485.dat
1 72 9.999969 -71.000330 290.999900 -0.500001 0.000000 -0.866025 0.000000 1.000000 0.000000 0.866025 0.000000 -0.500001 4032a.dat
1 70 9.999980 -40.000010 120.000000 1.000000 0.000000 0.000000 0.000000 1.000000 0.000000 0.000000 0.000000 1.000000 3659.dat
1 70 9.999980 -40.000010 59.999860 1.000000 0.000000 0.000000 0.000000 1.000000 0.000000 0.000000 0.000000 1.000000 3659.dat
1 71 -59.999980 -16.000000 99.999980 -1.000000 0.000000 0.000000 0.000000 1.000000 0.000000 0.000000 0.000000 -1.000000 98138.dat
1 71 -160.000000 -16.000000 79.999980 -1.000000 0.000000 0.000000 0.000000 1.000000 0.000000 0.000000 0.000000 -1.000000 98138.dat
1 71 80.000140 -16.000000 100.000000 -1.000000 0.000000 0.000000 0.000000 1.000000 0.000000 0.000000 0.000000 -1.000000 98138.dat
1 71 180.000100 -16.000000 80.000020 -1.000000 0.000000 0.000000 0.000000 1.000000 0.000000 0.000000 0.000000 -1.000000 98138.dat
0 STEP
1 72 9.999969 -55.000010 290.999900 -0.500001 0.000000 -0.866025 0.000000 1.000000 0.000000 0.866025 0.000000 -0.500001 35443.dat
1 72 9.999969 -63.000330 290.999900 -0.500001 0.000000 -0.866025 0.000000 1.000000 0.000000 0.866025 0.000000 -0.500001 35443.dat
0 STEP
1 70 9.999960 -64.000010 90.000050 0.000000 0.000000 -1.000000 0.000000 1.000000 0.000000 1.000000 0.000000 0.000000 91988.dat
1 70 9.999960 -56.000010 80.000020 0.000000 0.000000 -1.000000 0.000000 1.000000 0.000000 1.000000 0.000000 0.000000 93273.dat
1 70 9.999960 -56.000010 100.000000 0.000000 0.000000 -1.000000 0.000000 1.000000 0.000000 1.000000 0.000000 0.000000 93273.dat
1 71 9.999960 -56.000010 90.000050 0.000000 0.000000 -1.000000 0.000000 1.000000 0.000000 1.000000 0.000000 0.000000 60474.dat
1 72 9.999980 -56.000020 -10.000010 0.000000 0.000000 -1.000000 0.000000 1.000000 0.000000 1.000000 0.000000 0.000000 35443.dat
1 72 9.999949 -56.000010 190.000100 0.000000 0.000000 -1.000000 0.000000 1.000000 0.000000 1.000000 0.000000 0.000000 35443.dat
1 84 9.999980 -72.000010 -9.999980 0.000000 0.000000 -1.000000 0.000000 1.000000 0.000000 1.000000 0.000000 0.000000 66792.dat
1 84 9.999949 -72.000010 190.000100 0.000000 0.000000 -1.000000 0.000000 1.000000 0.000000 1.000000 0.000000 0.000000 68869.dat
0 STEP
1 10 -230.000200 -16.000020 89.999980 1.000000 0.000000 0.000000 0.000000 1.000000 0.000000 0.000000 0.000000 1.000000 66789.dat
1 2 -240.000200 -24.000020 140.000000 -0.707108 0.000000 -0.707106 0.000000 1.000000 0.000000 0.707106 0.000000 -0.707108 32607.dat
1 191 -240.000200 -32.000020 140.000000 -0.707108 0.000000 -0.707106 0.000000 1.000000 0.000000 0.707106 0.000000 -0.707108 24866.dat
0 STEP
1 1 -240.000200 -32.000020 69.999940 1.000000 0.000000 0.000000 0.000000 1.000000 0.000000 0.000000 0.000000 1.000000 66859.dat
1 4 -260.000000 -88.000030 70.000060 0.000000 0.000000 -1.000000 0.000000 1.000000 0.000000 1.000000 0.000000 0.000000 3700.dat
1 4 -220.000000 -88.000030 70.000020 0.000000 0.000000 1.000000 0.000000 1.000000 0.000000 -1.000000 0.000000 0.000000 3700.dat
1 4 -240.000200 -40.000020 69.999940 1.000000 0.000000 0.000000 0.000000 1.000000 0.000000 0.000000 0.000000 1.000000 3021.dat
1 4 -240.000100 -56.000020 70.000000 1.000000 0.000000 0.000000 0.000000 1.000000 0.000000 0.000000 0.000000 1.000000 3021.dat
1 4 -240.000200 -104.000000 89.999980 -1.000000 0.000000 0.000000 0.000000 1.000000 0.000000 0.000000 0.000000 -1.000000 11477.dat
1 4 -210.000100 -68.000020 70.000080 0.000000 -1.000000 0.000000 0.000000 0.000000 1.000000 -1.000000 0.000000 0.000000 11477.dat
1 71 -210.000000 -78.000020 70.000020 1.000000 0.000000 0.000000 0.000000 1.000000 0.000000 0.000000 0.000000 1.000000 4274.dat
1 71 -270.000000 -78.000020 70.000060 -1.000000 0.000000 0.000000 0.000000 1.000000 0.000000 0.000000 0.000000 -1.000000 4274.dat
1 308 -220.000100 -48.000020 69.999960 0.000000 0.000000 1.000000 0.000000 1.000000 0.000000 -1.000000 0.000000 0.000000 3023.dat
1 308 -260.000000 -48.000020 70.000000 0.000000 0.000000 1.000000 0.000000 1.000000 0.000000 -1.000000 0.000000 0.000000 3023.dat
1 297 -240.000100 -48.000020 59.999960 1.000000 0.000000 0.000000 0.000000 1.000000 0.000000 0.000000 0.000000 1.000000 3024.dat
1 308 -240.000100 -48.000020 79.999900 1.000000 0.000000 0.000000 0.000000 1.000000 0.000000 0.000000 0.000000 1.000000 3024.dat
1 4 -260.000000 -64.000020 70.000000 0.000000 0.000000 -1.000000 0.000000 1.000000 0.000000 1.000000 0.000000 0.000000 3023.dat
1 4 -220.000100 -64.000020 79.999950 -1.000000 0.000000 0.000000 0.000000 1.000000 0.000000 0.000000 0.000000 -1.000000 2420.dat
1 19 -240.000100 -96.000030 59.999960 1.000000 0.000000 0.000000 0.000000 1.000000 0.000000 0.000000 0.000000 1.000000 32952.dat
1 4 -240.000000 -88.000030 79.999950 -1.000000 0.000000 0.000000 0.000000 1.000000 0.000000 0.000000 0.000000 -1.000000 87087.dat
1 84 -260.000100 -96.000030 80.000000 0.000000 0.000000 1.000000 0.000000 1.000000 0.000000 -1.000000 0.000000 0.000000 2420.dat
1 84 -220.000100 -96.000030 70.000020 0.000000 0.000000 -1.000000 0.000000 1.000000 0.000000 1.000000 0.000000 0.000000 3023.dat
1 4 -240.000200 -104.000000 70.000000 0.000000 0.000000 -1.000000 0.000000 1.000000 0.000000 1.000000 0.000000 0.000000 3023.dat
1 4 -240.000300 -112.000000 69.999940 0.000000 0.000000 -1.000000 0.000000 1.000000 0.000000 1.000000 0.000000 0.000000 3023.dat
1 4 -240.000300 -120.000000 59.999900 -1.000000 0.000000 0.000000 0.000000 1.000000 0.000000 0.000000 0.000000 -1.000000 3024.dat
1 4 -270.000000 -68.000020 70.000060 0.000000 1.000000 0.000000 0.000000 0.000000 1.000000 1.000000 0.000000 0.000000 11477.dat
1 4 -260.000200 -120.000000 70.000000 0.000000 0.000000 1.000000 0.000000 1.000000 0.000000 -1.000000 0.000000 0.000000 37352.dat
1 4 -220.000100 -120.000000 69.999960 0.000000 0.000000 -1.000000 0.000000 1.000000 0.000000 1.000000 0.000000 0.000000 37352.dat
1 4 -240.000000 -78.000020 97.999980 -1.000000 0.000000 0.000000 0.000000 0.000000 -1.000000 0.000000 -1.000000 0.000000 14769.dat
1 15 -240.000100 -86.000030 42.000020 1.000000 0.000000 0.000000 0.000000 0.000000 -1.000000 0.000000 1.000000 0.000000 67095.dat
0 STEP
1 0 -182.025400 -228.700500 183.597900 0.000000 -0.500001 -0.866025 -1.000000 0.000000 0.000000 0.000000 0.866025 -0.500001 24593.dat
1 0 -182.025400 -228.700500 183.597900 0.000000 -0.500001 0.866025 1.000000 0.000000 0.000000 0.000000 0.866025 0.500001 24593.dat
1 0 -166.025400 -228.700500 155.885100 0.866025 -0.500001 0.000000 0.000000 0.000000 -1.000000 0.500001 0.866025 0.000000 87081.dat
1 4 -206.025500 -228.700500 225.167000 0.866025 -0.500001 0.000000 0.000000 0.000000 -1.000000 0.500001 0.866025 0.000000 60474.dat
1 15 -210.025500 -228.700500 232.095200 0.866025 -0.500001 0.000000 0.000000 0.000000 -1.000000 0.500001 0.866025 0.000000 30367c.dat
1 0 -178.025400 -198.700500 176.669700 0.866025 -0.500001 0.000000 0.000000 0.000000 -1.000000 0.500001 0.866025 0.000000 35480.dat
1 0 -152.044600 -228.700500 191.669800 0.000000 -0.500001 0.866025 1.000000 0.000000 0.000000 0.000000 0.866025 0.500001 35480.dat
1 0 -204.006100 -228.700500 161.669700 0.000000 -0.500001 0.866025 1.000000 0.000000 0.000000 0.000000 0.866025 0.500001 35480.dat
1 0 -178.025400 -258.700500 176.669700 -0.866025 -0.500001 0.000000 0.000000 0.000000 1.000000 -0.500001 0.866025 0.000000 21445.dat
1 0 -166.025400 -228.700500 155.885100 0.866025 -0.500001 0.000000 0.000000 0.000000 -1.000000 0.500001 0.866025 0.000000 86500.dat
0 STEP
1 0 202.025600 -228.700500 398.402200 0.000000 0.500001 0.866025 -1.000000 0.000000 0.000000 0.000000 -0.866025 0.500001 24593.dat
1 0 202.025600 -228.700500 398.402200 0.000000 0.500001 -0.866025 1.000000 0.000000 0.000000 0.000000 -0.866025 -0.500001 24593.dat
1 0 186.025500 -228.700500 426.115000 -0.866025 0.500001 0.000000 0.000000 0.000000 -1.000000 -0.500001 -0.866025 0.000000 87081.dat
1 4 226.025700 -228.700500 356.833000 -0.866025 0.500001 0.000000 0.000000 0.000000 -1.000000 -0.500001 -0.866025 0.000000 60474.dat
1 15 230.025700 -228.700500 349.904800 -0.866025 0.500001 0.000000 0.000000 0.000000 -1.000000 -0.500001 -0.866025 0.000000 30367c.dat
1 0 198.025500 -198.700500 405.330400 -0.866025 0.500001 0.000000 0.000000 0.000000 -1.000000 -0.500001 -0.866025 0.000000 35480.dat
1 0 172.044800 -228.700500 390.330300 0.000000 0.500001 -0.866025 1.000000 0.000000 0.000000 0.000000 -0.866025 -0.500001 35480.dat
1 0 224.006200 -228.700500 420.330400 0.000000 0.500001 -0.866025 1.000000 0.000000 0.000000 0.000000 -0.866025 -0.500001 35480.dat
1 0 198.025500 -258.700500 405.330400 0.866025 0.500001 0.000000 0.000000 0.000000 1.000000 0.500001 -0.866025 0.000000 21445.dat
1 0 186.025500 -228.700500 426.115000 -0.866025 0.500001 0.000000 0.000000 0.000000 -1.000000 -0.500001 -0.866025 0.000000 86500.dat
0 STEP
1 15 9.999990 -285.650500 291.000000 0.866025 0.000000 0.500001 0.000000 -1.000000 0.000000 0.500001 0.000000 -0.866025 32124.dat
1 15 10.000050 -269.650500 291.000100 0.866025 0.000000 0.500001 0.000000 -1.000000 0.000000 0.500001 0.000000 -0.866025 32124.dat
1 47 -102.583200 -277.650500 225.999900 0.500001 0.000000 -0.866025 0.000000 -1.000000 0.000000 -0.866025 0.000000 -0.500001 42445.dat
1 47 122.583300 -277.650500 356.000200 -0.500001 0.000000 0.866025 0.000000 -1.000000 0.000000 0.866025 0.000000 0.500001 42445.dat
1 0 10.000100 -139.650400 291.000200 0.000000 0.500001 -0.866027 1.000002 0.000000 0.000000 0.000000 -0.866025 -0.500002 3705.dat
1 15 9.998480 -99.650690 291.002400 0.866025 0.500001 0.000000 0.000000 0.000000 1.000000 0.500001 -0.866025 0.000000 59443.dat
1 15 9.998650 -179.650500 291.002500 0.866025 0.500001 0.000000 0.000000 0.000000 1.000000 0.500001 -0.866025 0.000000 59443.dat
1 71 10.000020 -69.650380 291.000000 0.000000 0.500001 -0.866027 1.000002 0.000000 0.000000 0.000000 -0.866025 -0.500002 4519.dat
1 72 10.000060 -232.650500 291.000000 0.000000 0.500001 -0.866025 1.000000 0.000000 0.000000 0.000000 -0.866025 -0.500001 32209.dat
0 STEP
1 70 270.000000 -103.999900 110.000300 1.000000 0.000000 0.000000 0.000000 1.000000 0.000000 0.000000 0.000000 1.000000 4032a.dat
1 484 270.000000 -127.999900 120.000300 -1.000000 0.000000 0.000000 0.000000 1.000000 0.000000 0.000000 0.000000 -1.000000 98283.dat
1 484 270.000000 -127.999900 100.000300 1.000000 0.000000 0.000000 0.000000 1.000000 0.000000 0.000000 0.000000 1.000000 98283.dat
1 484 270.000000 -135.999900 110.000300 1.000000 0.000000 0.000000 0.000000 1.000000 0.000000 0.000000 0.000000 1.000000 87580.dat
0 STEP
1 27 280.000000 -153.599900 -39.999720 1.000000 0.000000 0.000000 0.000000 1.000000 0.000000 0.000000 0.000000 1.000000 30367c.dat
1 27 280.000000 -112.029900 -39.999720 1.000000 0.000000 0.000000 0.000000 1.000000 0.000000 0.000000 0.000000 1.000000 15395.dat
1 70 280.000000 -55.999940 -39.999720 1.000000 0.000000 0.000000 0.000000 1.000000 0.000000 0.000000 0.000000 1.000000 3957b.dat
1 84 280.000000 -103.169900 -39.999720 1.000000 0.000000 0.000000 0.000000 1.000000 0.000000 0.000000 0.000000 1.000000 3062b.dat
1 84 280.000000 -79.559920 -39.999720 1.000000 0.000000 0.000000 0.000000 1.000000 0.000000 0.000000 0.000000 1.000000 3062b.dat
0 STEP
1 10 250.000000 -15.999940 -9.999690 0.000000 0.000000 -1.000000 0.000000 1.000000 0.000000 1.000000 0.000000 0.000000 66792.dat
1 10 250.000000 -15.999940 -89.999740 0.000000 0.000000 -1.000000 0.000000 1.000000 0.000000 1.000000 0.000000 0.000000 66792.dat
1 10 250.000000 -47.999920 -9.999690 0.000000 0.000000 -1.000000 0.000000 1.000000 0.000000 1.000000 0.000000 0.000000 66792.dat
1 2 250.000000 -7.999940 30.000260 0.000000 0.000000 -1.000000 0.000000 1.000000 0.000000 1.000000 0.000000 0.000000 3020.dat
1 2 250.000000 -7.999940 -49.999720 0.000000 0.000000 -1.000000 0.000000 1.000000 0.000000 1.000000 0.000000 0.000000 3020.dat
1 84 220.000000 -39.999930 -9.999700 0.000000 0.000000 -1.000000 0.000000 1.000000 0.000000 1.000000 0.000000 0.000000 3004.dat
1 84 250.000000 -39.999930 -39.999700 1.000000 0.000000 0.000000 0.000000 1.000000 0.000000 0.000000 0.000000 1.000000 3004.dat
1 84 250.000000 -39.999930 20.000260 1.000000 0.000000 0.000000 0.000000 1.000000 0.000000 0.000000 0.000000 1.000000 3004.dat
1 84 280.000000 -39.999930 -9.999690 0.000000 0.000000 -1.000000 0.000000 1.000000 0.000000 1.000000 0.000000 0.000000 3004.dat
1 2 220.000000 -23.999930 -39.999710 0.000000 0.000000 1.000000 0.000000 1.000000 0.000000 -1.000000 0.000000 0.000000 32607.dat
1 191 220.000000 -31.999930 -39.999710 0.000000 0.000000 1.000000 0.000000 1.000000 0.000000 -1.000000 0.000000 0.000000 24866.dat
0 STEP
1 1 250.000000 -15.999940 90.000290 1.000000 0.000000 0.000000 0.000000 1.000000 0.000000 0.000000 0.000000 1.000000 66789.dat
1 10 250.000000 -95.999920 90.000260 1.000000 0.000000 0.000000 0.000000 1.000000 0.000000 0.000000 0.000000 1.000000 66792.dat
1 84 250.000000 -63.999940 90.000260 0.000000 0.000000 1.000000 0.000000 1.000000 0.000000 -1.000000 0.000000 0.000000 3001.dat
1 84 250.000000 -39.999940 120.000300 1.000000 0.000000 0.000000 0.000000 1.000000 0.000000 0.000000 0.000000 1.000000 3004.dat
1 84 280.000000 -39.999940 90.000260 0.000000 0.000000 1.000000 0.000000 1.000000 0.000000 -1.000000 0.000000 0.000000 3004.dat
1 84 220.000000 -39.999940 90.000260 0.000000 0.000000 1.000000 0.000000 1.000000 0.000000 -1.000000 0.000000 0.000000 3004.dat
1 84 250.000000 -39.999940 60.000220 1.000000 0.000000 0.000000 0.000000 1.000000 0.000000 0.000000 0.000000 1.000000 3004.dat
1 84 280.000100 -63.999940 90.000230 0.000000 0.000000 1.000000 0.000000 1.000000 0.000000 -1.000000 0.000000 0.000000 3004.dat
1 84 220.000000 -63.999940 90.000230 0.000000 0.000000 1.000000 0.000000 1.000000 0.000000 -1.000000 0.000000 0.000000 3004.dat
1 84 250.000000 -87.999930 120.000300 1.000000 0.000000 0.000000 0.000000 1.000000 0.000000 0.000000 0.000000 1.000000 3004.dat
1 84 280.000100 -87.999930 90.000200 0.000000 0.000000 1.000000 0.000000 1.000000 0.000000 -1.000000 0.000000 0.000000 3004.dat
1 84 220.000000 -87.999930 90.000200 0.000000 0.000000 1.000000 0.000000 1.000000 0.000000 -1.000000 0.000000 0.000000 3004.dat
1 84 250.000000 -87.999930 60.000200 1.000000 0.000000 0.000000 0.000000 1.000000 0.000000 0.000000 0.000000 1.000000 3004.dat
0 STEP
1 4 270.000100 -197.868500 114.363100 1.000000 0.000000 0.000000 0.000000 0.984808 0.173646 0.000000 -0.173646 0.984808 66855p01.dat
1 0 270.000100 -183.999900 100.000200 -1.000000 0.000000 0.000000 0.000000 1.000000 0.000000 0.000000 0.000000 -1.000000 3937.dat
1 4 270.000100 -175.999900 120.000200 1.000000 0.000000 0.000000 0.000000 1.000000 0.000000 0.000000 0.000000 1.000000 98138.dat
1 15 270.000100 -167.999900 120.000200 1.000000 0.000000 0.000000 0.000000 1.000000 0.000000 0.000000 0.000000 1.000000 15573.dat
1 71 270.000100 -183.848000 101.736700 1.000000 0.000000 0.000000 0.000000 0.984808 0.173646 0.000000 -0.173646 0.984808 6134.dat
1 19 270.000100 -159.999900 110.000300 1.000000 0.000000 0.000000 0.000000 1.000000 0.000000 0.000000 0.000000 1.000000 3003.dat
1 15 270.000100 -205.746900 115.752300 1.000000 0.000000 0.000000 0.000000 0.984808 0.173646 0.000000 -0.173646 0.984808 14769.dat
1 2 270.000100 -189.990000 112.974000 0.000000 0.000000 1.000000 -0.173646 0.984808 0.000000 -0.984808 -0.173646 0.000000 3022.dat
0 STEP
