0 71396 Bowser Jr.'s Clown Car
0 SetNumber: 71396
0 Name: Bowser Jr.'s Clown Car
0 Author: Kristopher Wilson
0 Notes: // The following pieces are missing from LDraw and have been substituted with unprinted generic parts
0 Notes: //  * BrickLink: 87079pb1073, Element ID: 6382043, FLAT TILE 2X4, NO. 265
0 Notes: //  * BrickLink: 87079pb1074, Element ID: 6382042, FLAT TILE 2X4, NO. 264
0 Notes: //  * BrickLink: 3068bpb1367, Element ID: 6308929, FLAT TILE 2X2, NO. 424
0 Notes: //  * BrickLink: 3068bpb1883, Element ID: 6384336, FLAT TILE 2X2, W/ STICKER NO. 151
0 Notes: //  * BrickLink: 3068bpb1918, Element ID: 6384335, FLAT TILE 2X2, W/ STICKER NO. 150
0 CustomBrick
0 NumOfBricks:  84
1 14 -171.045600 -32.000000 -38.744220 1.000008 0.000000 0.000000 0.000000 1.000000 0.000000 0.000000 0.000000 1.000008 66858.dat
1 72 -181.045700 -72.000010 -38.744220 0.000000 0.000000 1.000008 0.000000 1.000000 0.000000 -1.000008 0.000000 0.000000 67329.dat
1 72 -161.045700 -72.000010 -38.744200 -0.000001 0.000000 -1.000008 0.000000 1.000000 0.000000 1.000008 0.000000 -0.000001 67329.dat
1 272 -171.045600 -52.000040 -10.743970 0.000000 0.000000 -1.000008 1.000000 0.000000 0.000000 0.000000 -1.000008 0.000000 87580.dat
1 272 -171.045600 -80.000000 -38.744200 0.000000 0.000000 -1.000008 0.000000 1.000000 0.000000 1.000008 0.000000 0.000000 87580.dat
1 321 -171.045600 -88.000000 -38.744200 1.000008 0.000000 0.000000 0.000000 1.000000 0.000000 0.000000 0.000000 1.000008 20482.dat
1 57 -171.045600 -96.000000 -38.744200 1.000008 0.000000 0.000000 0.000000 1.000000 0.000000 0.000000 0.000000 1.000008 37775.dat
1 272 -199.045800 -52.000030 -38.744230 0.000000 1.000008 0.000000 -1.000000 0.000000 0.000000 0.000000 0.000000 1.000008 3068b.dat
1 272 -171.045200 -52.000030 -66.744020 0.000000 0.000000 -1.000000 -1.000000 0.000000 0.000000 0.000000 1.000000 0.000000 3068b.dat
1 272 -143.045500 -52.000030 -38.744220 0.000000 -1.000008 0.000000 -1.000000 0.000000 0.000000 0.000000 0.000000 -1.000008 3068b.dat
1 10 -171.045600 -16.000000 -58.744200 0.000000 0.000000 -1.000000 0.000000 1.000000 0.000000 1.000000 0.000000 0.000000 66792.dat
1 2 -141.045600 -24.000000 -88.744190 1.000000 0.000000 0.000000 0.000000 1.000000 0.000000 0.000000 0.000000 1.000000 32607.dat
1 191 -141.045600 -32.000000 -88.744190 0.000000 0.000000 -1.000000 0.000000 1.000000 0.000000 1.000000 0.000000 0.000000 24866.dat
0 STEP
1 15 69.999880 -39.999880 -11.999800 0.999997 0.000000 0.000000 0.000000 0.000000 -0.999997 0.000000 1.000005 0.000000 3020.dat
1 15 69.999880 -39.999880 -19.999810 0.999997 0.000000 0.000000 0.000000 0.000000 -0.999997 0.000000 1.000005 0.000000 3020.dat
1 15 69.999880 -29.999950 -27.999880 0.999997 0.000000 0.000000 0.000000 0.000000 -0.999997 0.000000 1.000005 0.000000 3710.dat
1 19 69.999880 -49.999850 -27.999880 0.999997 0.000000 0.000000 0.000000 0.000000 -0.999997 0.000000 1.000005 0.000000 41740.dat
1 15 99.999780 -39.999880 -35.999980 0.000000 0.000000 -0.999997 -0.999997 0.000000 0.000000 0.000000 1.000005 0.000000 32028.dat
1 15 39.999900 -39.999880 -35.999980 0.000000 0.000000 0.999997 0.999997 0.000000 0.000000 0.000000 1.000005 0.000000 32028.dat
1 15 69.999880 -29.999950 -35.999980 -0.999997 0.000000 0.000000 0.000000 0.000000 0.999997 0.000000 1.000005 0.000000 99207.dat
1 19 69.999860 -51.999840 -47.999980 0.000000 0.000000 0.999997 0.000000 0.999997 0.000000 -1.000006 0.000000 0.000000 3022.dat
1 27 69.999860 -59.999820 -47.999980 0.000000 0.000000 0.999997 0.000000 0.999997 0.000000 -1.000006 0.000000 0.000000 3068b.dat
1 15 99.999790 -39.999900 -60.000010 0.000000 0.000000 0.999997 0.999997 0.000000 0.000000 0.000000 1.000005 0.000000 3004.dat
1 15 39.999900 -39.999880 -60.000010 0.000000 0.000000 0.999997 0.999997 0.000000 0.000000 0.000000 1.000005 0.000000 3004.dat
1 27 69.999880 -29.999960 -60.000020 0.999997 0.000000 0.000000 0.000000 0.000000 -0.999997 0.000000 1.000005 0.000000 3700.dat
1 19 59.999820 -49.999890 -92.000220 0.000000 0.000000 0.999997 0.999997 0.000000 0.000000 0.000000 1.000005 0.000000 6091.dat
1 19 79.999900 -49.999880 -92.000220 0.000000 0.000000 -0.999997 -0.999997 0.000000 0.000000 0.000000 1.000005 0.000000 6091.dat
1 15 79.999880 -29.999990 -84.000210 0.000000 0.000000 -0.999997 -0.999997 0.000000 0.000000 0.000000 1.000005 0.000000 3040b.dat
1 15 59.999820 -29.999960 -84.000210 0.000000 0.000000 0.999997 0.999997 0.000000 0.000000 0.000000 1.000005 0.000000 3040b.dat
1 15 69.999880 -39.999890 -92.000220 0.999997 0.000000 0.000000 0.000000 0.000000 -0.999997 0.000000 1.000005 0.000000 3068b.dat
1 71 69.999880 -19.999990 -50.000000 0.000000 0.000000 0.999997 0.999997 0.000000 0.000000 0.000000 1.000005 0.000000 3673.dat
1 27 70.000000 -10.000000 -49.999980 1.000000 0.000000 0.000000 0.000000 0.000000 -1.000000 0.000000 1.000005 0.000000 65768.dat
0 STEP
1 27 69.999940 -109.999800 -11.999800 0.000000 0.000000 0.999997 0.999997 0.000000 0.000000 0.000000 1.000005 0.000000 52501.dat
1 19 69.999920 -99.999900 -3.999740 0.999997 0.000000 0.000000 0.000000 0.000000 -0.999997 0.000000 1.000005 0.000000 3022.dat
1 15 69.999860 -59.999840 -11.999800 0.000000 0.000000 -0.999997 -0.999997 0.000000 0.000000 0.000000 1.000005 0.000000 60219.dat
1 19 99.999820 -99.999890 -19.999810 0.000000 0.000000 0.999997 0.999997 0.000000 0.000000 0.000000 1.000005 0.000000 4865b.dat
1 19 39.999940 -99.999900 -19.999810 0.000000 0.000000 -0.999997 -0.999997 0.000000 0.000000 0.000000 1.000005 0.000000 4865b.dat
1 27 119.999700 -109.999800 -19.999800 0.999997 0.000000 0.000000 0.000000 0.000000 -0.999997 0.000000 1.000005 0.000000 3024.dat
1 27 20.000040 -109.999800 -19.999800 0.999997 0.000000 0.000000 0.000000 0.000000 -0.999997 0.000000 1.000005 0.000000 3024.dat
1 15 89.999850 -49.999860 -3.999740 0.000000 0.000000 0.999997 0.999997 0.000000 0.000000 0.000000 1.000005 0.000000 26603.dat
1 15 49.999900 -49.999860 -3.999740 0.000000 0.000000 0.999997 0.999997 0.000000 0.000000 0.000000 1.000005 0.000000 26603.dat
1 15 119.999700 -59.999820 -19.999810 0.000000 0.000000 0.999997 0.999997 0.000000 0.000000 0.000000 1.000005 0.000000 3710.dat
1 15 119.999700 -59.999820 -43.999980 0.000000 0.000000 0.999997 0.999997 0.000000 0.000000 0.000000 1.000005 0.000000 2653.dat
1 15 119.999800 -49.999850 -68.000160 0.000000 0.000000 0.999997 0.999997 0.000000 0.000000 0.000000 1.000005 0.000000 3622.dat
1 15 119.999800 -69.999980 -92.000210 0.000000 0.000000 0.999997 0.999997 0.000000 0.000000 0.000000 1.000005 0.000000 3622.dat
1 15 119.999800 -89.999910 -68.000160 0.000000 0.000000 0.999997 0.999997 0.000000 0.000000 0.000000 1.000005 0.000000 6541.dat
1 15 20.000020 -59.999860 -19.999810 0.000000 0.000000 -0.999997 -0.999997 0.000000 0.000000 0.000000 1.000005 0.000000 3710.dat
1 15 20.000000 -59.999860 -43.999980 0.000000 0.000000 -0.999997 -0.999997 0.000000 0.000000 0.000000 1.000005 0.000000 2653.dat
1 15 20.000010 -49.999900 -68.000160 0.000000 0.000000 0.999997 0.999997 0.000000 0.000000 0.000000 1.000005 0.000000 3622.dat
1 15 20.000050 -69.999880 -92.000210 0.000000 0.000000 0.999998 0.999998 0.000000 0.000000 0.000000 1.000005 0.000000 3622.dat
1 15 20.000060 -89.999860 -68.000160 0.000000 0.000000 0.999998 0.999998 0.000000 0.000000 0.000000 1.000005 0.000000 6541.dat
1 15 20.000020 -29.999990 -92.000220 0.000000 0.000000 -0.999997 -0.999997 0.000000 0.000000 0.000000 1.000005 0.000000 3665.dat
1 15 119.999800 -29.999960 -92.000220 0.000000 0.000000 0.999997 0.999997 0.000000 0.000000 0.000000 1.000005 0.000000 3665.dat
1 15 69.999900 -59.999860 -100.000200 0.999997 0.000000 0.000000 0.000000 0.000000 -0.999997 0.000000 1.000005 0.000000 3032.dat
1 15 20.000020 -79.999970 -100.000200 0.000000 0.000000 0.999997 0.999997 0.000000 0.000000 0.000000 1.000005 0.000000 85984.dat
1 15 20.000020 -39.999910 -100.000200 0.000000 0.000000 0.999997 0.999997 0.000000 0.000000 0.000000 1.000005 0.000000 85984.dat
1 15 119.999700 -79.999970 -100.000200 0.000000 0.000000 -0.999997 -0.999997 0.000000 0.000000 0.000000 1.000005 0.000000 85984.dat
1 15 119.999700 -39.999910 -100.000200 0.000000 0.000000 -0.999997 -0.999997 0.000000 0.000000 0.000000 1.000005 0.000000 85984.dat
1 15 69.999900 -29.999990 -108.000200 0.999997 0.000000 0.000000 0.000000 0.000000 -0.999997 0.000000 1.000005 0.000000 3710.dat
1 27 20.000040 -109.999900 -92.000210 0.999997 0.000000 0.000000 0.000000 0.000000 -0.999997 0.000000 1.000005 0.000000 14716.dat
1 27 119.999700 -109.999900 -92.000210 0.999997 0.000000 0.000000 0.000000 0.000000 -0.999997 0.000000 1.000005 0.000000 14716.dat
1 27 69.999940 -109.999900 -100.000200 0.999997 0.000000 0.000000 0.000000 0.000000 -0.999997 0.000000 1.000005 0.000000 3666.dat
1 27 49.999920 -79.999950 -108.000200 0.000000 0.000000 0.999997 0.999997 0.000000 0.000000 0.000000 1.000005 0.000000 3020.dat
1 27 89.999870 -79.999950 -108.000200 0.000000 0.000000 0.999997 0.999997 0.000000 0.000000 0.000000 1.000005 0.000000 3020.dat
1 27 109.999800 -109.999800 -100.000200 0.000000 0.000000 -0.999997 -0.999997 0.000000 0.000000 0.000000 1.000005 0.000000 11477.dat
1 27 30.000020 -109.999900 -100.000200 0.000000 0.000000 0.999997 0.999997 0.000000 0.000000 0.000000 1.000005 0.000000 11477.dat
1 27 69.999940 -109.999900 -116.000500 0.999997 0.000000 0.000000 0.000000 0.000000 -0.999997 0.000000 1.000005 0.000000 3069b.dat
1 15 69.999900 -39.999930 -116.000500 0.999997 0.000000 0.000000 0.000000 0.000000 -0.999997 0.000000 1.000005 0.000000 87079.dat
1 15 69.999950 -79.999630 -116.000100 0.999997 0.000000 0.000000 0.000000 0.000000 -0.999997 0.000000 1.000000 0.000000 87079.dat
1 1 10.000040 -89.999860 -58.000000 -1.000000 0.000000 0.000000 0.000000 1.000000 0.000000 0.000000 0.000000 -1.000005 43093.dat
1 1 129.999800 -89.999910 -58.000000 1.000000 0.000000 0.000000 0.000000 1.000000 0.000000 0.000000 0.000000 1.000005 43093.dat
1 27 159.999800 -89.999910 -58.000000 0.000000 0.000000 1.000000 1.000000 0.000000 0.000000 0.000000 1.000005 0.000000 32015.dat
1 27 -19.807540 -89.999870 -58.100600 0.000000 -0.923877 0.382690 1.000000 0.000000 0.000000 0.000000 0.382693 0.923882 32015.dat
1 0 -31.288240 -89.999870 -85.817100 -0.382690 0.000000 0.923877 0.000000 1.000000 0.000000 -0.923882 0.000000 -0.382693 32062.dat
1 0 171.500000 -89.999910 -85.500640 0.382690 0.000000 0.923877 0.000000 1.000000 0.000000 -0.923882 0.000000 0.382693 32062.dat
1 4 -40.564700 -89.999870 -108.211900 0.000000 0.382690 -0.923877 -1.000000 0.000000 0.000000 0.000000 0.923882 0.382693 3941.dat
1 4 -52.865000 -79.999870 -111.775600 0.923877 0.382689 0.000000 0.000000 0.000000 -1.000000 -0.382692 0.923881 0.000000 2420.dat
1 4 -37.448870 -99.999900 -126.820300 -0.923877 0.382689 0.000000 0.000000 0.000000 1.000000 0.382692 0.923881 0.000000 6091.dat
1 4 -52.811000 -89.999850 -137.776100 0.000000 0.382692 -0.923881 -1.000000 0.000000 0.000000 0.000000 0.923885 0.382692 30165.dat
1 4 180.818500 -89.999910 -107.997000 0.000000 -0.382691 0.923877 1.000000 0.000000 0.000000 0.000000 0.923882 0.382693 3941.dat
1 4 193.119000 -79.999900 -111.562400 0.000000 -0.382692 -0.923877 -1.000000 0.000000 0.000000 0.000000 0.923882 -0.382693 2420.dat
1 4 177.703000 -99.999910 -126.607200 -0.923877 -0.382692 0.000000 0.000000 0.000000 1.000000 -0.382693 0.923882 0.000000 6091.dat
1 4 193.064800 -89.999910 -137.562200 0.000000 -0.382692 0.923877 1.000000 0.000000 0.000000 0.000000 0.923882 0.382693 30165.dat
1 484 -171.045600 -52.000040 -10.743950 0.000000 0.000000 -1.000000 1.000000 0.000000 0.000000 0.000000 -1.000000 0.000000 98375.dat
0 STEP
