0 71413-1 Blooper & Baby Bloopers
0 SetNumber: 71413-1
0 Name: Blooper & Baby Bloopers
0 Author: Kristopher Wilson
0 NumOfBricks:  42
1 1 -10.000000 -16.000000 -10.000000 1.000000 0.000000 0.000000 0.000000 1.000000 0.000000 0.000000 0.000000 1.000000 66789.dat
1 31 -10.000000 -40.000000 40.000000 1.000000 0.000000 0.000000 0.000000 1.000000 0.000000 0.000000 0.000000 1.000000 3010.dat
1 30 -10.000000 -64.000000 40.000000 1.000000 0.000000 0.000000 0.000000 1.000000 0.000000 0.000000 0.000000 1.000000 3004.dat
1 31 -10.000000 -88.000000 40.000000 1.000000 0.000000 0.000000 0.000000 1.000000 0.000000 0.000000 0.000000 1.000000 3004.dat
1 30 -20.000000 -112.000000 40.000000 1.000000 0.000000 0.000000 0.000000 1.000000 0.000000 0.000000 0.000000 1.000000 3005.dat
1 47 10.000000 -40.000000 20.000000 1.000000 0.000000 0.000000 0.000000 1.000000 0.000000 0.000000 0.000000 1.000000 3065.dat
1 30 -40.000010 -40.000000 40.000000 0.000000 0.000000 1.000000 0.000000 1.000000 0.000000 -1.000000 0.000000 0.000000 49307.dat
1 30 20.000000 -40.000000 40.000000 0.000000 0.000000 1.000000 0.000000 1.000000 0.000000 -1.000000 0.000000 0.000000 49307.dat
1 30 0.000000 -88.000000 40.000000 0.000000 0.000000 1.000000 0.000000 1.000000 0.000000 -1.000000 0.000000 0.000000 49307.dat
1 30 -20.000010 -112.000000 40.000000 0.000000 0.000000 1.000000 0.000000 1.000000 0.000000 -1.000000 0.000000 0.000000 49307.dat
1 47 10.000000 -64.000000 20.000000 1.000000 0.000000 0.000000 0.000000 1.000000 0.000000 0.000000 0.000000 1.000000 3065.dat
1 47 10.000000 -136.000000 20.000000 -1.000000 0.000000 0.000000 0.000000 1.000000 0.000000 0.000000 0.000000 -1.000000 87544.dat
1 85 -30.000000 -24.000000 10.000000 1.000000 0.000000 0.000000 0.000000 1.000000 0.000000 0.000000 0.000000 1.000000 18674.dat
1 26 -30.000000 -32.000000 10.000000 1.000000 0.000000 0.000000 0.000000 1.000000 0.000000 0.000000 0.000000 1.000000 24866.dat
1 29 -30.000000 -56.000000 10.000000 1.000000 0.000000 0.000000 0.000000 1.000000 0.000000 0.000000 0.000000 1.000000 59900.dat
1 26 20.000000 -24.000000 -40.000000 1.000000 0.000000 0.000000 0.000000 1.000000 0.000000 0.000000 0.000000 1.000000 24866.dat
1 29 20.000000 -48.000000 -40.000000 1.000000 0.000000 0.000000 0.000000 1.000000 0.000000 0.000000 0.000000 1.000000 59900.dat
1 26 40.000000 -24.000000 -20.000000 0.707108 0.000000 -0.707105 0.000000 1.000000 0.000000 0.707105 0.000000 0.707108 32607.dat
1 26 -40.000010 -24.000000 -40.000000 0.000000 0.000000 1.000000 0.000000 1.000000 0.000000 -1.000000 0.000000 0.000000 32607.dat
1 379 -20.000000 -24.000000 -60.000000 1.000000 0.000000 0.000000 0.000000 1.000000 0.000000 0.000000 0.000000 1.000000 98138.dat
1 10 40.000000 -32.000000 -20.000000 0.965926 0.000000 0.258819 0.000000 1.000000 0.000000 -0.258819 0.000000 0.965926 30093.dat
1 10 -40.000010 -32.000000 -40.000000 -0.763790 0.000000 0.645466 0.000000 1.000000 0.000000 -0.645466 0.000000 -0.763790 30093.dat
1 15 10.000000 -144.000000 20.000000 1.000000 0.000000 0.000000 0.000000 1.000001 0.000000 0.000000 0.000000 1.000001 3023.dat
1 15 -0.000020 -152.000000 20.000000 0.000000 0.000000 1.000000 0.000000 1.000001 0.000000 -1.000001 0.000000 0.000000 49668.dat
1 15 20.000000 -152.000000 20.000000 0.000000 0.000000 -1.000000 0.000000 1.000001 0.000000 1.000001 0.000000 0.000000 49668.dat
1 15 9.999980 -176.000000 19.999990 1.000000 0.000000 0.000000 0.000000 1.000001 0.000000 0.000000 0.000000 1.000001 52107.dat
1 15 9.999980 -156.000000 1.999950 1.000000 0.000000 0.000000 0.000000 0.000000 -1.000001 0.000000 1.000001 0.000000 3022.dat
1 15 -0.000040 -200.000100 19.999990 0.000000 0.000000 1.000000 0.000000 1.000001 0.000000 -1.000001 0.000000 0.000000 4070.dat
1 15 19.999970 -200.000100 19.999990 0.000000 0.000000 -1.000000 0.000000 1.000001 0.000000 1.000001 0.000000 0.000000 4070.dat
1 15 -6.000040 -190.000100 19.999990 0.000000 1.000000 0.000000 0.000000 0.000000 1.000001 1.000001 0.000000 0.000000 54200.dat
1 15 25.999970 -190.000100 19.999990 0.000000 -1.000000 0.000000 0.000000 0.000000 1.000001 -1.000001 0.000000 0.000000 54200.dat
1 15 19.999950 -200.000100 19.999990 0.000000 0.000000 -1.000000 0.000000 1.000001 0.000000 1.000001 0.000000 0.000000 54200.dat
1 15 -0.000040 -200.000100 19.999990 0.000000 0.000000 1.000000 0.000000 1.000001 0.000000 -1.000001 0.000000 0.000000 54200.dat
1 15 9.999980 -176.000000 9.999949 -1.000000 0.000000 0.000000 0.000000 0.000000 1.000001 0.000000 1.000001 0.000000 15068p0b.dat
1 15 9.999980 -156.000000 38.000000 0.000000 0.000000 -1.000000 1.000001 0.000000 0.000000 0.000000 -1.000001 0.000000 3068b.dat
1 15 9.999980 -146.000000 -6.000100 1.000000 0.000000 0.000000 0.000000 0.000000 -1.000000 0.000000 1.000000 0.000000 15208.dat
1 15 -47.637900 -137.980000 -46.454650 0.965926 0.000000 -0.258818 0.000000 1.000000 0.000000 0.258818 0.000000 0.965926 86996.dat
1 15 30.340740 -116.000000 -17.411800 0.173649 0.000000 -0.984808 0.000000 1.000000 0.000000 0.984808 0.000000 0.173649 86996.dat
1 15 -17.086320 -66.000000 -20.636040 -0.342020 0.000000 -0.939693 0.000000 1.000000 0.000000 0.939693 0.000000 -0.342020 86996.dat
1 15 -47.637900 -137.980000 -46.454650 0.258818 0.000000 0.965926 0.000000 1.000000 0.000000 -0.965926 0.000000 0.258818 49307.dat
1 15 -17.086320 -66.000000 -20.636040 0.342020 0.000000 0.939693 0.000000 1.000000 0.000000 -0.939693 0.000000 0.342020 49307.dat
1 15 30.340740 -116.000000 -17.411800 -0.173648 0.000000 0.984808 0.000000 1.000000 0.000000 -0.984808 0.000000 -0.173648 49307.dat
