0 71413-4 Birdo
0 SetNumber: 71413-4
0 Name: Birdo
0 Author: Kristopher Wilson
0 Notes: // The following pieces are missing from LDraw and have been substituted with unprinted generic parts
0 Notes: //  * BrickLink: 14769pr1246, Element ID: 6353871, Tile Round 2 x 2 with Bottom Stud Holder with Large Black Circle Print
0 Notes: //  * BrickLink: 14769pr1247, Element ID: 6353870, Tile Round 2 x 2 with Bottom Stud Holder with Two Dark Purple Circles Print
0 Notes: //  * BrickLink: 3068bpr9432, Element ID: 6428464, Tile 2 x 2 with Groove with Birdo and Barcode Print (Sticker)
0 Notes: //  * BrickLink: 3004pr0098, Element ID: 6353869, Brick 1 x 2 with Eyelashes, Dark Purple/White Eyes Print
0 NumOfBricks:  52
1 5 50.000280 -40.000000 20.000230 0.819157 0.000000 0.573579 0.000000 1.000000 0.000000 -0.573579 0.000000 0.819157 66858.dat
1 5 55.736080 -64.000000 28.191820 -0.819157 0.000000 -0.573579 0.000000 1.000000 0.000000 0.573579 0.000000 -0.819157 11211.dat
1 5 44.264450 -64.000000 11.808680 0.819157 0.000000 0.573579 0.000000 1.000000 0.000000 -0.573579 0.000000 0.819157 11211.dat
1 5 75.237750 -54.000000 56.043140 -0.819157 -0.573579 0.000000 0.000000 0.000000 -1.000000 0.573579 -0.819157 0.000000 15571.dat
1 5 41.808670 -88.000000 25.736030 -0.573579 0.000000 0.819157 0.000000 1.000000 0.000000 -0.819157 0.000000 -0.573579 3700.dat
1 5 58.191860 -88.000000 14.264450 -0.573579 0.000000 0.819157 0.000000 1.000000 0.000000 -0.819157 0.000000 -0.573579 3700.dat
1 15 33.940060 -64.000000 -2.936140 0.000000 0.573579 0.819157 1.000000 0.000000 0.000000 0.000000 0.819157 -0.573579 14769.dat
1 5 66.383370 -78.000000 8.528680 0.819157 -0.573579 0.000000 0.000000 0.000000 1.000000 -0.573579 -0.819157 0.000000 66788.dat
1 5 33.617130 -78.000000 31.471820 -0.819157 -0.573579 0.000000 0.000000 0.000000 -1.000000 0.573579 -0.819157 0.000000 66788.dat
1 5 58.191860 -104.000000 14.264470 0.573579 0.000000 -0.819157 0.000000 1.000000 0.000000 0.819157 0.000000 0.573579 3023.dat
1 5 58.191860 -128.000000 14.264470 0.573579 0.000000 -0.819157 0.000000 1.000000 0.000000 0.819157 0.000000 0.573579 11211.dat
1 5 44.264450 -96.000000 11.808680 0.819157 0.000000 0.573579 0.000000 1.000000 0.000000 -0.573579 0.000000 0.819157 99207.dat
1 5 41.808670 -104.000000 25.736040 0.573579 0.000000 -0.819157 0.000000 1.000000 0.000000 0.819157 0.000000 0.573579 3023.dat
1 5 41.808670 -128.000000 25.736040 -0.573579 0.000000 0.819157 0.000000 1.000000 0.000000 -0.819157 0.000000 -0.573579 11211.dat
1 5 55.736080 -96.000000 28.191820 -0.819158 0.000000 -0.573578 0.000000 1.000000 0.000000 0.573578 0.000000 -0.819158 99207.dat
1 5 22.468500 -108.000000 -19.319250 -0.819157 0.573579 0.000000 0.000000 0.000000 1.000000 0.573579 0.819157 0.000000 3941.dat
1 5 68.354870 -118.000000 46.213300 -0.819157 -0.573579 0.000000 0.000000 0.000000 -1.000000 0.573579 -0.819157 0.000000 15573.dat
1 5 68.354820 -98.000000 46.213280 -0.819157 -0.573579 0.000000 0.000000 0.000000 -1.000000 0.573579 -0.819157 0.000000 15573.dat
1 4 68.354870 -118.000000 46.213300 -0.819157 -0.573579 0.000000 0.000000 0.000000 -1.000000 0.573579 -0.819157 0.000000 35464.dat
1 4 68.354820 -98.000000 46.213280 -0.819157 -0.573579 0.000000 0.000000 0.000000 -1.000000 0.573579 -0.819157 0.000000 35464.dat
1 4 55.736080 -152.000000 28.191840 0.819157 0.000000 0.573579 0.000000 1.000000 0.000000 -0.573579 0.000000 0.819157 3010.dat
1 4 80.310710 -176.000000 10.984470 -0.573579 0.000000 0.819157 0.000000 1.000000 0.000000 -0.819157 0.000000 -0.573579 3040b.dat
1 4 31.161380 -176.000000 45.399180 0.573579 0.000000 -0.819157 0.000000 1.000000 0.000000 0.819157 0.000000 0.573579 3040b.dat
1 5 17.879860 -108.000000 -25.872500 0.819157 0.573579 0.000000 0.000000 0.000000 -1.000000 -0.573579 0.819157 0.000000 14769.dat
1 5 27.063900 -108.000000 36.060440 -0.573579 0.819157 0.000000 0.000000 0.000000 -1.000000 -0.819157 -0.573579 0.000000 14769.dat
1 5 72.936660 -108.000000 3.940070 0.573579 -0.819157 0.000000 0.000000 0.000000 -1.000000 0.819157 0.573579 0.000000 14769.dat
1 5 44.264460 -152.000000 11.808690 0.819157 0.000000 0.573579 0.000000 1.000000 0.000000 -0.573579 0.000000 0.819157 3004.dat
1 1 0.000010 -8.000000 -40.000000 0.000000 0.000000 1.000000 0.000000 1.000000 0.000000 -1.000000 0.000000 0.000000 3020.dat
1 1 0.000010 -16.000000 20.000210 1.000005 0.000000 0.000000 0.000000 1.000000 0.000000 0.000000 0.000000 1.000005 66789.dat
1 27 50.000280 -24.000000 20.000230 0.000000 0.000000 1.000005 0.000000 1.000000 0.000000 -1.000005 0.000000 0.000000 15573.dat
1 27 30.000150 -24.000000 30.000270 -1.000005 0.000000 0.000000 0.000000 1.000000 0.000000 0.000000 0.000000 -1.000005 25269.dat
1 27 30.000200 -24.000000 10.000190 0.000000 0.000000 1.000005 0.000000 1.000000 0.000000 -1.000005 0.000000 0.000000 25269.dat
1 27 -20.000090 -24.000000 40.000330 1.000005 0.000000 0.000000 0.000000 1.000000 0.000000 0.000000 0.000000 1.000005 30565.dat
1 27 -30.000140 -32.000000 60.000420 1.000005 0.000000 0.000000 0.000000 1.000000 0.000000 0.000000 0.000000 1.000005 3021.dat
1 27 -30.000140 -40.000000 60.000420 1.000005 0.000000 0.000000 0.000000 1.000000 0.000000 0.000000 0.000000 1.000005 3021.dat
1 27 -10.000040 -64.000000 60.000440 0.000000 0.000000 -1.000005 0.000000 1.000000 0.000000 1.000005 0.000000 0.000000 37352.dat
1 27 -30.000140 -64.000000 60.000440 0.000000 0.000000 1.000005 0.000000 1.000000 0.000000 -1.000005 0.000000 0.000000 3004.dat
1 27 -50.000300 -64.000000 60.000440 0.000000 0.000000 1.000005 0.000000 1.000000 0.000000 -1.000005 0.000000 0.000000 37352.dat
1 27 -50.000280 -24.000000 30.000270 0.000000 0.000000 1.000005 0.000000 1.000000 0.000000 -1.000005 0.000000 0.000000 15279.dat
1 10 -30.000140 -24.000000 -9.999929 1.000005 0.000000 0.000000 0.000000 1.000000 0.000000 0.000000 0.000000 1.000005 24866.dat
1 10 10.000040 -24.000000 -30.000020 1.000005 0.000000 0.000000 0.000000 1.000000 0.000000 0.000000 0.000000 1.000005 24866.dat
1 15 10.000040 -24.000000 -29.600000 1.000005 0.000000 0.000000 0.000000 1.000000 0.000000 0.000000 0.000000 1.000005 32606.dat
1 15 -30.000140 -24.000000 -9.599919 1.000005 0.000000 0.000000 0.000000 1.000000 0.000000 0.000000 0.000000 1.000005 32606.dat
1 25 -50.000280 -32.000000 10.000180 0.000000 0.000000 1.000005 0.000000 1.000000 0.000000 -1.000005 0.000000 0.000000 32607.dat
1 14 -10.000050 -32.000000 30.000270 1.000005 0.000000 0.000000 0.000000 1.000000 0.000000 0.000000 0.000000 1.000005 32607.dat
1 70 -30.000150 -72.000000 70.000530 1.000005 0.000000 0.000000 0.000000 1.000000 0.000000 0.000000 0.000000 1.000005 3957b.dat
1 70 -30.000150 -99.279990 70.000530 1.000005 0.000000 0.000000 0.000000 1.000000 0.000000 0.000000 0.000000 1.000005 3062b.dat
1 70 -30.000150 -122.940000 70.000530 1.000005 0.000000 0.000000 0.000000 1.000000 0.000000 0.000000 0.000000 1.000005 3062b.dat
1 27 -30.000150 -150.090000 70.000530 -1.000005 0.000000 0.000000 0.000000 -1.000000 0.000000 0.000000 0.000000 1.000005 3941.dat
1 27 -30.000150 -126.090000 70.000530 -1.000005 0.000000 0.000000 0.000000 -1.000000 0.000000 0.000000 0.000000 1.000005 3941.dat
1 27 -30.000150 -190.090000 69.999950 -1.000005 0.000000 0.000000 0.000000 -1.000000 0.000000 0.000000 0.000000 1.000005 15395.dat
1 5 0.000020 -16.000000 -60.000000 1.000000 0.000000 0.000000 0.000000 1.000000 0.000000 0.000000 0.000000 1.000000 3068b.dat
