0 FILE 31140 Magical Unicorn
0 31140 Magical Unicorn
0 SetNumber: 31140
0 Name: Magical Unicorn
0 ReleaseYear: 2023
0 Theme: Creator 3-in-1
0 Author: Kristopher Wilson
0 CustomBrick
0 FlexibleBrickControlPointUnitLength -1
0 FlexibleBrickLockedControlPoint 
0 NumOfBricks: 331
0 _altModels: Magical Unicorn, Seahorse, Peacock
0 _defaultModel: Magical Unicorn
0 _stepReady: true
1 16 15.002320 0.000000 -52.843960 1.000000 0.000000 0.000000 0.000000 1.000000 0.000000 0.000000 0.000000 1.000000 magical unicorn
0 STEP
1 16 240.190500 0.000000 20.456020 1.000000 0.000000 0.000000 0.000000 1.000000 0.000000 0.000000 0.000000 1.000000 seahorse
1 15 25.002430 -192.656000 -41.515140 1.000000 0.000000 0.000000 0.000000 0.939692 0.342022 0.000000 -0.342022 0.939692 15573.dat
1 16 464.500000 0.000000 -37.775810 1.000000 0.000000 0.000000 0.000000 1.000000 0.000000 0.000000 0.000000 1.000000 peacock
0 STEP
0 NOFILE
0 FILE Magical Unicorn
0 Magical Unicorn
0 Name:  Magical Unicorn
0 Author:  
0 CustomBrick
0 FlexibleBrickControlPointUnitLength -1
0 FlexibleBrickLockedControlPoint 
0 NumOfBricks:  145
1 16 0.000000 0.000000 57.841500 0.000000 0.000000 -1.000000 0.000000 1.000000 0.000000 1.000000 0.000000 0.000000 base
0 STEP
1 16 0.000000 -23.999930 -19.841490 0.000000 0.000000 -1.000000 0.000000 1.000000 0.000000 1.000000 0.000000 0.000000 uni
0 STEP
0 NOFILE
0 FILE Base
0 Base
0 Name:  Base
0 Author:  
0 CustomBrick
0 FlexibleBrickControlPointUnitLength -1
0 FlexibleBrickLockedControlPoint 
0 NumOfBricks:  23
1 15 40.000020 -8.000000 -0.000010 0.000000 0.000000 -1.000000 0.000000 1.000000 0.000000 1.000000 0.000000 0.000000 22888.dat
1 3 0.000000 -16.000000 0.000000 0.000000 0.000000 1.000000 0.000000 1.000000 0.000000 -1.000000 0.000000 0.000000 3795.dat
0 STEP
1 15 -40.000010 -8.000000 -0.000010 0.000000 0.000000 1.000000 0.000000 1.000000 0.000000 -1.000000 0.000000 0.000000 22888.dat
0 STEP
1 15 0.000030 -16.000000 70.000000 -1.000000 0.000000 0.000000 0.000000 1.000000 0.000000 0.000000 0.000000 -1.000000 1748.dat
1 15 0.000010 -16.000000 -70.000000 1.000000 0.000000 0.000000 0.000000 1.000000 0.000000 0.000000 0.000000 1.000000 1748.dat
0 STEP
1 85 -20.000010 -8.000000 50.000000 0.000000 0.000000 1.000000 0.000000 1.000000 0.000000 -1.000000 0.000000 0.000000 11477.dat
1 85 19.999990 -8.000000 50.000020 0.000000 0.000000 -1.000000 0.000000 1.000000 0.000000 1.000000 0.000000 0.000000 11477.dat
0 STEP
1 322 -30.000010 -16.000000 19.999990 0.000000 0.000000 1.000000 0.000000 1.000000 0.000000 -1.000000 0.000000 0.000000 3023b.dat
1 322 30.000020 -16.000000 19.999990 0.000000 0.000000 1.000000 0.000000 1.000000 0.000000 -1.000000 0.000000 0.000000 3023b.dat
1 25 -30.000010 -16.000000 -20.000010 0.000000 0.000000 1.000000 0.000000 1.000000 0.000000 -1.000000 0.000000 0.000000 3023b.dat
1 25 30.000010 -16.000000 -20.000010 0.000000 0.000000 1.000000 0.000000 1.000000 0.000000 -1.000000 0.000000 0.000000 3023b.dat
0 STEP
1 25 0.000000 -24.000000 -20.000010 1.000000 0.000000 0.000000 0.000000 1.000000 0.000000 0.000000 0.000000 1.000000 87580.dat
1 322 0.000000 -24.000000 19.999990 1.000000 0.000000 0.000000 0.000000 1.000000 0.000000 0.000000 0.000000 1.000000 87580.dat
0 STEP
1 322 -40.000020 -8.000000 29.999990 0.000000 0.000000 1.000000 0.000000 1.000000 0.000000 -1.000000 0.000000 0.000000 11477.dat
1 322 40.000010 -8.000000 30.000000 0.000000 0.000000 -1.000000 0.000000 1.000000 0.000000 1.000000 0.000000 0.000000 11477.dat
0 STEP
1 3 -50.000020 -32.000000 9.999990 0.000000 0.000000 1.000000 0.000000 1.000000 0.000000 -1.000000 0.000000 0.000000 50950.dat
1 3 50.000020 -32.000000 10.000000 0.000000 0.000000 -1.000000 0.000000 1.000000 0.000000 1.000000 0.000000 0.000000 50950.dat
1 191 -50.000000 -32.000000 -10.000010 0.000000 0.000000 1.000000 0.000000 1.000000 0.000000 -1.000000 0.000000 0.000000 50950.dat
1 191 50.000000 -32.000000 -10.000000 0.000000 0.000000 -1.000000 0.000000 1.000000 0.000000 1.000000 0.000000 0.000000 50950.dat
0 STEP
1 25 -40.000010 -8.000000 -30.000020 0.000000 0.000000 1.000000 0.000000 1.000000 0.000000 -1.000000 0.000000 0.000000 11477.dat
1 25 40.000010 -8.000000 -30.000000 0.000000 0.000000 -1.000000 0.000000 1.000000 0.000000 1.000000 0.000000 0.000000 11477.dat
1 4 -20.000000 -8.000000 -50.000020 0.000000 0.000000 1.000000 0.000000 1.000000 0.000000 -1.000000 0.000000 0.000000 11477.dat
1 4 20.000010 -8.000000 -50.000000 0.000000 0.000000 -1.000000 0.000000 1.000000 0.000000 1.000000 0.000000 0.000000 11477.dat
0 STEP
0 NOFILE
0 FILE Uni
0 Uni
0 Name:  Uni
0 Author:  
0 CustomBrick
0 FlexibleBrickControlPointUnitLength -1
0 FlexibleBrickLockedControlPoint 
0 NumOfBricks:  122
1 16 71.942760 -0.000010 -0.000020 1.000000 0.000000 0.000000 0.000000 1.000000 0.000000 0.000000 0.000000 1.000000 1_rear legs
0 STEP
1 16 7.323260 -109.228300 -0.000120 0.939692 -0.342022 0.000000 0.342022 0.939692 0.000000 0.000000 0.000000 1.000000 1_body
0 STEP
1 15 -28.808140 -100.545400 19.999880 0.342021 0.939692 0.000000 0.939692 -0.342021 0.000000 0.000000 0.000000 -1.000000 44302.dat
1 15 -62.644600 -120.386200 -20.000140 -0.173649 0.984808 0.000000 0.984811 0.173648 0.000000 0.000000 0.000000 -1.000003 44302.dat
1 15 -39.745870 -107.206200 19.999870 0.000000 0.939692 0.342021 -0.000001 -0.342021 0.939692 1.000000 0.000000 0.000001 61252.dat
1 15 -68.786620 -131.623400 -20.000130 0.000000 0.984808 -0.173649 0.000000 0.173648 0.984811 1.000003 0.000000 0.000000 61252.dat
0 STEP
1 15 -28.808140 -100.545400 19.999880 0.000000 0.939692 -0.342021 0.000000 -0.342021 -0.939692 -1.000000 0.000000 0.000000 11477.dat
1 15 -62.644600 -120.386200 -20.000130 0.000000 0.984808 0.173649 -0.000001 0.173648 -0.984811 -1.000003 0.000000 0.000001 11477.dat
0 STEP
1 15 -36.438920 -145.004600 19.999870 0.500001 0.866025 0.000000 -0.866025 0.500001 0.000000 0.000001 0.000000 1.000000 78257.dat
1 15 -44.543020 -158.080600 -20.000130 0.965929 0.258819 0.000000 -0.258819 0.965926 0.000000 0.000000 0.000000 1.000003 78257.dat
1 15 -43.367130 -149.004600 19.999870 0.000000 0.866025 0.500001 -0.000001 0.500001 -0.866025 -1.000000 0.000000 0.000001 24246.dat
1 15 -46.613840 -165.807900 -20.000060 0.000000 0.258819 0.965926 0.000000 0.965926 -0.258819 -1.000000 0.000000 0.000000 24246.dat
0 STEP
1 71 -9.819409 -63.599720 19.999890 -0.087158 0.996195 0.000000 -0.996194 -0.087158 0.000000 0.000000 0.000000 1.000000 92582.dat
1 71 -61.712080 -79.604520 -20.000150 0.173648 0.984811 0.000000 -0.984808 0.173648 0.000000 0.000000 0.000000 1.000003 92582.dat
1 71 -16.917290 -52.940530 19.999900 0.000000 0.996194 -0.087158 0.000000 -0.087158 -0.996195 -1.000000 0.000000 -0.000001 1748.dat
1 71 -71.327030 -71.145610 -20.000160 0.000000 0.984811 0.173648 0.000000 0.173648 -0.984808 -1.000003 0.000000 0.000000 1748.dat
0 STEP
1 16 157.415000 -101.089400 -0.000130 0.838670 -0.544640 0.000000 0.544640 0.838670 0.000000 0.000000 0.000000 1.000000 tail
0 STEP
1 297 36.173170 -328.590300 -0.000120 0.939692 -0.342022 0.000000 0.342022 0.939692 0.000000 0.000000 0.000000 1.000000 59900.dat
1 297 37.607060 -332.529900 -0.000110 -0.342022 -0.939692 0.000000 0.939692 -0.342022 0.000000 0.000000 0.000000 1.000000 89522.dat
0 STEP
0 NOFILE
0 FILE 1_Rear Legs
0 1_Rear Legs
0 Name:  1_Rear Legs
0 Author:  
0 CustomBrick
0 FlexibleBrickControlPointUnitLength -1
0 FlexibleBrickLockedControlPoint 
0 NumOfBricks:  18
1 15 38.480540 -58.932510 19.999960 0.342020 0.939693 0.000000 -0.939693 0.342020 0.000000 0.000000 0.000000 1.000000 3710.dat
1 15 38.479430 -58.932980 -20.000010 0.342020 0.939693 0.000000 -0.939693 0.342020 -0.000001 0.000000 0.000000 1.000000 3710.dat
1 15 24.122600 -42.874840 19.999970 -0.342020 0.939693 0.000000 0.939693 0.342020 0.000000 0.000000 0.000000 -1.000000 44302.dat
1 15 24.121530 -42.875240 -20.000010 -0.342020 0.939693 0.000000 0.939693 0.342020 0.000000 0.000000 0.000000 -1.000000 44302.dat
0 STEP
1 323 41.223630 -89.859420 19.999940 0.342020 0.939693 0.000000 -0.939693 0.342020 0.000000 0.000000 0.000000 1.000000 3623.dat
1 323 41.222520 -89.859910 -20.000040 0.342020 0.939693 0.000000 -0.939693 0.342020 -0.000001 0.000000 0.000000 1.000000 3623.dat
0 STEP
1 323 55.580480 -105.917600 -19.999970 0.000000 0.939693 -0.342020 -0.000001 0.342020 0.939693 0.999999 0.000000 0.000001 24201.dat
1 323 55.581590 -105.917100 19.999930 0.000000 0.939693 -0.342020 -0.000001 0.342020 0.939693 1.000000 0.000000 0.000001 24201.dat
1 15 50.670140 -65.137720 -20.000060 0.342020 0.939693 0.000000 -0.939693 0.342020 -0.000001 0.000000 0.000000 1.000000 6141.dat
1 15 50.671200 -65.137260 19.999960 0.342020 0.939693 0.000000 -0.939693 0.342020 -0.000001 0.000000 0.000000 1.000000 6141.dat
0 STEP
1 15 37.125240 -101.993000 19.999960 0.342020 0.939693 0.000000 -0.939693 0.342020 -0.000001 0.000000 0.000000 1.000000 30383.dat
1 15 37.125190 -101.993000 -20.000040 0.342020 0.939693 0.000000 -0.939693 0.342020 -0.000001 0.000000 0.000000 1.000000 30383.dat
0 STEP
1 15 11.830570 -79.274080 19.999940 0.000000 0.939693 0.342020 0.000000 0.342020 -0.939693 -1.000000 0.000000 0.000000 50950.dat
1 15 11.829520 -79.274530 -20.000030 0.000000 0.939693 0.342020 0.000000 0.342020 -0.939693 -1.000000 0.000000 0.000000 50950.dat
0 STEP
1 71 5.741380 -8.000000 20.000000 1.000000 0.000000 0.000000 0.000000 1.000000 0.000000 0.000000 0.000000 1.000000 92582.dat
1 71 5.740250 -8.000060 -19.999990 1.000000 0.000000 0.000000 0.000000 1.000000 0.000000 0.000000 0.000000 1.000000 92582.dat
1 71 -4.259750 -16.000050 -19.999990 0.000000 0.000000 1.000000 0.000000 1.000000 0.000000 -1.000000 0.000000 0.000000 1748.dat
1 71 -4.258620 -16.000000 20.000000 0.000000 0.000000 1.000000 0.000000 1.000000 0.000000 -1.000000 0.000000 0.000000 1748.dat
0 STEP
0 NOFILE
0 FILE 1_Body
0 1_Body
0 Name:  1_Body
0 Author:  
0 CustomBrick
0 FlexibleBrickControlPointUnitLength -1
0 FlexibleBrickLockedControlPoint 
0 NumOfBricks:  70
1 15 22.083280 -32.000000 0.000000 1.000000 0.000000 0.000000 0.000000 1.000000 0.000000 0.000000 0.000000 1.000000 3032.dat
1 323 72.083320 -40.000000 20.000000 0.000000 0.000000 -1.000000 0.000000 1.000000 0.000000 1.000000 0.000000 0.000000 60471.dat
1 323 72.083270 -40.000000 -20.000000 0.000000 0.000000 -1.000000 0.000000 1.000000 0.000000 1.000000 0.000000 0.000000 60471.dat
0 STEP
1 15 -27.916700 -40.000000 20.000010 0.000000 0.000000 1.000000 0.000000 1.000000 0.000000 -1.000000 0.000000 0.000000 11476.dat
1 15 -27.916720 -40.000000 -20.000000 0.000000 0.000000 1.000000 0.000000 1.000000 0.000000 -1.000000 0.000000 0.000000 11476.dat
1 323 22.083280 -40.000000 20.000000 1.000000 0.000000 0.000000 0.000000 1.000000 0.000000 0.000000 0.000000 1.000000 3020.dat
1 323 22.083280 -40.000000 -20.000000 1.000000 0.000000 0.000000 0.000000 1.000000 0.000000 0.000000 0.000000 1.000000 3020.dat
0 STEP
1 15 72.083320 -64.000000 0.000000 0.000000 0.000000 1.000000 0.000000 1.000000 0.000000 -1.000000 0.000000 0.000000 3010.dat
1 15 22.083280 -48.000000 30.000000 1.000000 0.000000 0.000000 0.000000 1.000000 0.000000 0.000000 0.000000 1.000000 3710.dat
1 15 22.083280 -48.000000 -30.000000 1.000000 0.000000 0.000000 0.000000 1.000000 0.000000 0.000000 0.000000 1.000000 3710.dat
0 STEP
1 191 22.083280 -64.000000 10.000000 1.000000 0.000000 0.000000 0.000000 1.000000 0.000000 0.000000 0.000000 1.000000 3659.dat
1 191 22.083280 -64.000000 -10.000000 1.000000 0.000000 0.000000 0.000000 1.000000 0.000000 0.000000 0.000000 1.000000 3659.dat
0 STEP
1 15 -27.916690 -48.000000 20.000010 -1.000000 0.000000 0.000000 0.000000 1.000000 0.000000 0.000000 0.000000 -1.000000 92946.dat
1 15 -27.916700 -48.000000 -20.000000 1.000000 0.000000 0.000000 0.000000 1.000000 0.000000 0.000000 0.000000 1.000000 92946.dat
0 STEP
1 15 72.083320 -64.000000 30.000000 -1.000000 0.000000 0.000000 0.000000 1.000000 0.000000 0.000000 0.000000 -1.000000 54200.dat
1 15 72.083320 -64.000000 -30.000000 1.000000 0.000000 0.000000 0.000000 1.000000 0.000000 0.000000 0.000000 1.000000 54200.dat
1 15 72.083340 -72.000000 0.000000 0.000000 0.000000 -1.000000 0.000000 1.000000 0.000000 1.000000 0.000000 0.000000 11476.dat
0 STEP
1 15 22.083280 -80.000000 10.000010 -1.000000 0.000000 0.000000 0.000000 1.000000 0.000000 0.000000 0.000000 -1.000000 6081.dat
1 15 22.083280 -80.000000 -9.999990 1.000000 0.000000 0.000000 0.000000 1.000000 0.000000 0.000000 0.000000 1.000000 6081.dat
0 STEP
1 323 -27.916690 -56.000000 0.000000 0.000000 0.000000 1.000000 0.000000 1.000000 0.000000 -1.000000 0.000000 0.000000 3023b.dat
1 15 -27.916670 -72.000000 0.000010 0.000000 0.000000 1.000000 0.000000 1.000000 0.000000 -1.000000 0.000000 0.000000 1750.dat
1 323 -27.916670 -72.000000 0.000010 0.000000 0.000000 1.000000 0.000000 1.000000 0.000000 -1.000000 0.000000 0.000000 3023b.dat
0 STEP
1 323 42.083280 -80.000000 0.000010 1.000000 0.000000 0.000000 0.000000 1.000000 0.000000 0.000000 0.000000 1.000000 3020.dat
0 STEP
1 15 -47.916680 -128.000000 0.000000 0.000000 0.000000 -1.000000 0.000000 1.000000 0.000000 1.000000 0.000000 0.000000 76766.dat
0 STEP
1 323 -27.916660 -88.000000 -0.000010 0.000000 0.000000 1.000000 0.000000 1.000000 0.000000 -1.000000 0.000000 0.000000 3023b.dat
1 15 -27.916660 -112.000000 -0.000010 0.000000 0.000000 1.000000 0.000000 1.000000 0.000000 -1.000000 0.000000 0.000000 3004.dat
1 323 -27.916640 -120.000000 -0.000010 0.000000 0.000000 1.000000 0.000000 1.000000 0.000000 -1.000000 0.000000 0.000000 3023b.dat
1 4 -27.916640 -144.000000 9.999990 -1.000000 0.000000 0.000000 0.000000 1.000000 0.000000 0.000000 0.000000 -1.000000 87087.dat
1 4 -27.916640 -144.000000 -10.000010 1.000000 0.000000 0.000000 0.000000 1.000000 0.000000 0.000000 0.000000 1.000000 87087.dat
1 4 -27.916640 -152.000000 -0.000010 0.000000 0.000000 1.000000 0.000000 1.000000 0.000000 -1.000000 0.000000 0.000000 3023b.dat
0 STEP
1 15 -7.916670 -104.000000 9.999990 -1.000000 0.000000 0.000000 0.000000 1.000000 0.000000 0.000000 0.000000 -1.000000 87087.dat
1 15 -7.916670 -104.000000 -10.000010 1.000000 0.000000 0.000000 0.000000 1.000000 0.000000 0.000000 0.000000 1.000000 87087.dat
1 25 12.083280 -104.000000 10.000020 -1.000000 0.000000 0.000000 0.000000 1.000000 0.000000 0.000000 0.000000 -1.000000 87087.dat
1 25 12.083280 -104.000000 -9.999990 1.000000 0.000000 0.000000 0.000000 1.000000 0.000000 0.000000 0.000000 1.000000 87087.dat
0 STEP
1 25 -7.916720 -128.000000 10.000020 1.000000 0.000000 0.000000 0.000000 1.000000 0.000000 0.000000 0.000000 1.000000 78666.dat
1 25 -7.916720 -128.000000 -9.999990 1.000000 0.000000 0.000000 0.000000 1.000000 0.000000 0.000000 0.000000 1.000000 78666.dat
1 4 -7.916700 -136.000000 0.000010 0.000000 0.000000 1.000000 0.000000 1.000000 0.000000 -1.000000 0.000000 0.000000 3023b.dat
0 STEP
1 25 32.083300 -88.000000 0.000010 0.000000 0.000000 1.000000 0.000000 1.000000 0.000000 -1.000000 0.000000 0.000000 3023b.dat
1 25 32.083320 -112.000000 0.000010 0.000000 0.000000 -1.000000 0.000000 1.000000 0.000000 1.000000 0.000000 0.000000 37352.dat
0 STEP
1 4 -27.916640 -168.000000 10.000000 0.000000 0.000000 -1.000000 0.000000 1.000000 0.000000 1.000000 0.000000 0.000000 6091.dat
1 4 -27.916640 -168.000000 -10.000010 0.000000 0.000000 -1.000000 0.000000 1.000000 0.000000 1.000000 0.000000 0.000000 6091.dat
0 STEP
1 15 -67.916680 -152.000000 0.000000 1.000000 0.000000 0.000000 0.000000 1.000000 0.000000 0.000000 0.000000 1.000000 3002.dat
1 3 -57.916680 -160.000000 0.000000 1.000000 0.000000 0.000000 0.000000 1.000000 0.000000 0.000000 0.000000 1.000000 3022.dat
0 STEP
1 4 -37.916640 -168.000000 9.999990 1.000000 0.000000 0.000000 0.000000 1.000000 0.000000 0.000000 0.000000 1.000000 11458.dat
1 4 -37.916640 -168.000000 -10.000010 1.000000 0.000000 0.000000 0.000000 1.000000 0.000000 0.000000 0.000000 1.000000 11458.dat
1 25 -67.916660 -168.000000 0.000000 0.000000 0.000000 1.000000 0.000000 1.000000 0.000000 -1.000000 0.000000 0.000000 3023b.dat
1 15 -87.916660 -160.000000 0.000000 0.000000 0.000000 1.000000 0.000000 1.000000 0.000000 -1.000000 0.000000 0.000000 44728.dat
0 STEP
1 15 -57.916640 -176.000000 9.999990 -1.000000 0.000000 0.000000 0.000000 1.000000 0.000000 0.000000 0.000000 -1.000000 44728.dat
1 15 -57.916620 -176.000000 -10.000020 1.000000 0.000000 0.000000 0.000000 1.000000 0.000000 0.000000 0.000000 1.000000 44728.dat
0 STEP
1 15 -87.916640 -160.000000 0.000000 0.000000 0.000000 1.000000 0.000000 1.000000 0.000000 -1.000000 0.000000 0.000000 85984.dat
1 15 -125.916700 -140.000000 0.000000 0.000000 1.000000 0.000000 0.000000 0.000000 1.000000 1.000000 0.000000 0.000000 30165.dat
0 STEP
1 5 -47.916610 -184.000000 -0.000010 0.000000 0.000000 1.000000 0.000000 1.000000 0.000000 -1.000000 0.000000 0.000000 3023b.dat
1 5 -47.916600 -192.000000 -0.000010 0.000000 0.000000 1.000000 0.000000 1.000000 0.000000 -1.000000 0.000000 0.000000 15573.dat
1 5 -67.916640 -176.000000 9.999990 0.000000 0.000000 1.000000 0.000000 1.000000 0.000000 -1.000000 0.000000 0.000000 54200.dat
1 5 -67.916640 -176.000000 -10.000020 0.000000 0.000000 1.000000 0.000000 1.000000 0.000000 -1.000000 0.000000 0.000000 54200.dat
0 STEP
1 191 -7.916690 -114.000000 -28.000010 0.000000 0.000000 1.000000 1.000000 0.000000 0.000000 0.000000 1.000000 0.000000 27925.dat
1 191 -27.916660 -134.000000 -28.000010 0.000000 0.000000 -1.000000 -1.000000 0.000000 0.000000 0.000000 1.000000 0.000000 25269.dat
1 191 12.083280 -94.000000 -27.999990 0.000000 0.000000 -1.000000 -1.000000 0.000000 0.000000 0.000000 1.000000 0.000000 25269.dat
0 STEP
1 15 -57.916620 -156.000000 -32.000020 1.000000 0.000000 0.000000 0.000000 0.000000 -1.000000 0.000000 1.000000 0.000000 14769p0k.dat
1 15 -27.916640 -174.000000 -20.000010 1.000000 0.000000 0.000000 0.000000 0.000000 1.000000 0.000000 -1.000000 0.000000 49668.dat
0 STEP
1 191 -7.916690 -114.000000 27.999990 -1.000000 0.000000 0.000000 0.000000 0.000000 -1.000000 0.000000 -1.000000 0.000000 27925.dat
1 191 12.083280 -94.000000 28.000020 1.000000 0.000000 0.000000 0.000000 0.000000 1.000000 0.000000 -1.000000 0.000000 25269.dat
1 191 -27.916640 -134.000000 27.999990 1.000000 0.000000 0.000000 0.000000 0.000000 1.000000 0.000000 -1.000000 0.000000 25269.dat
0 STEP
1 15 -27.916640 -174.000000 19.999980 -1.000000 0.000000 0.000000 0.000000 0.000000 1.000000 0.000000 1.000000 0.000000 49668.dat
1 15 -57.916620 -156.000000 32.000000 0.000000 0.000000 1.000000 -1.000000 0.000000 0.000000 0.000000 -1.000000 0.000000 14769p0k.dat
1 15 -17.916670 -24.000000 0.000010 1.000000 0.000000 0.000000 0.000000 1.000000 0.000000 0.000000 0.000000 1.000000 4871.dat
0 STEP
1 323 -27.916670 -16.000000 0.000010 0.000000 0.000000 -1.000000 0.000000 1.000000 0.000000 1.000000 0.000000 0.000000 3023b.dat
1 3 2.083330 -16.000000 0.000010 0.000000 0.000000 -1.000000 0.000000 1.000000 0.000000 1.000000 0.000000 0.000000 3022.dat
0 STEP
1 323 2.083330 -24.000000 0.000010 1.000000 0.000000 0.000000 0.000000 1.000000 0.000000 0.000000 0.000000 1.000000 3020.dat
0 STEP
1 15 12.083310 -24.000000 0.000000 0.000000 0.000000 -1.000000 0.000000 1.000000 0.000000 1.000000 0.000000 0.000000 13349.dat
0 STEP
0 STEP
0 NOFILE
0 FILE Tail
0 Tail
0 Name:  Tail
0 Author:  
0 CustomBrick
0 FlexibleBrickControlPointUnitLength -1
0 FlexibleBrickLockedControlPoint 
0 NumOfBricks:  18
1 85 -6.333370 -8.000000 0.000000 -1.000000 0.000000 0.000000 0.000000 1.000000 0.000000 0.000000 0.000000 -1.000000 3710.dat
1 1 -26.333380 -16.000000 -0.000020 -1.000000 0.000000 0.000000 0.000000 1.000000 0.000000 0.000000 0.000000 -1.000000 60478.dat
0 STEP
1 1 3.666630 -16.000000 0.000000 -1.000000 0.000000 0.000000 0.000000 1.000000 0.000000 0.000000 0.000000 -1.000000 3024.dat
1 85 23.666630 -32.000000 0.000010 0.000000 0.000000 -1.000000 0.000000 1.000000 0.000000 1.000000 0.000000 0.000000 2310.dat
0 STEP
1 1 13.666630 -40.000000 0.000010 -1.000000 0.000000 0.000000 0.000000 1.000000 0.000000 0.000000 0.000000 -1.000000 52107.dat
1 1 -26.333380 -40.000000 0.000000 -1.000000 0.000000 0.000000 0.000000 1.000000 0.000000 0.000000 0.000000 -1.000000 52107.dat
1 1 43.666620 -40.000000 0.000010 -1.000000 0.000000 0.000000 0.000000 1.000000 0.000000 0.000000 0.000000 -1.000000 3024.dat
0 STEP
1 3 -36.333380 -56.000000 0.000010 0.000000 0.000000 1.000000 0.000000 1.000000 0.000000 -1.000000 0.000000 0.000000 6091.dat
1 3 13.666630 -48.000000 0.000010 -1.000000 0.000000 0.000000 0.000000 1.000000 0.000000 0.000000 0.000000 -1.000000 3710.dat
0 STEP
1 3 43.666620 -72.000000 0.000010 -1.000000 0.000000 0.000000 0.000000 1.000000 0.000000 0.000000 0.000000 -1.000000 78666.dat
1 3 -16.333380 -56.000000 0.000010 -1.000000 0.000000 0.000000 0.000000 1.000000 0.000000 0.000000 0.000000 -1.000000 63864.dat
1 3 43.666620 -72.000000 0.000040 0.000000 0.000000 -1.000000 0.000000 1.000000 0.000000 1.000000 0.000000 0.000000 54200.dat
0 STEP
1 322 -6.333370 -29.999980 17.999980 -1.000000 0.000000 0.000000 0.000000 0.000000 -1.000000 0.000000 -1.000000 0.000000 3069b.dat
0 STEP
1 322 23.666630 -50.000020 17.999980 0.000000 0.000000 -1.000000 1.000000 0.000000 0.000000 0.000000 -1.000000 0.000000 27925.dat
1 322 -36.333380 -30.000000 17.999980 0.000000 0.000000 1.000000 -1.000000 0.000000 0.000000 0.000000 -1.000000 0.000000 25269.dat
0 STEP
1 322 -6.333370 -29.999980 -18.000020 1.000000 0.000000 0.000000 0.000000 0.000000 -1.000000 0.000000 1.000000 0.000000 3069b.dat
0 STEP
1 322 23.666630 -49.999980 -17.999990 1.000000 0.000000 0.000000 0.000000 0.000000 -1.000000 0.000000 1.000000 0.000000 27925.dat
1 322 -36.333380 -30.000000 -18.000020 -1.000000 0.000000 0.000000 0.000000 0.000000 1.000000 0.000000 1.000000 0.000000 25269.dat
0 STEP
0 NOFILE
0 FILE seahorse
0 seahorse
0 Name:  seahorse
0 Author:  
0 CustomBrick
0 FlexibleBrickControlPointUnitLength -1
0 FlexibleBrickLockedControlPoint 
0 NumOfBricks:  95
1 16 -5.809480 0.000000 -22.408400 0.000000 0.000000 -1.000000 0.000000 1.000000 0.000000 1.000000 0.000000 0.000000 2_base
0 STEP
1 16 -0.190520 -156.188600 20.408400 1.000005 0.000000 0.000000 0.000000 0.996195 0.087156 0.000000 -0.087156 0.996200 2_seahorse
0 STEP
0 NOFILE
0 FILE 2_base
0 2_base
0 Name:  2_base
0 Author:  
0 CustomBrick
0 FlexibleBrickControlPointUnitLength -1
0 FlexibleBrickLockedControlPoint 
0 NumOfBricks:  21
1 15 41.952400 -8.000000 -5.619040 0.000000 0.000000 -1.000000 0.000000 1.000000 0.000000 1.000000 0.000000 0.000000 22888.dat
0 STEP
1 15 1.952370 -16.000000 -5.619050 0.000000 0.000000 1.000000 0.000000 1.000000 0.000000 -1.000000 0.000000 0.000000 3032.dat
1 15 -38.047630 -8.000000 -5.619060 0.000000 0.000000 1.000000 0.000000 1.000000 0.000000 -1.000000 0.000000 0.000000 22888.dat
0 STEP
1 71 1.952390 -16.000000 -75.619050 1.000000 0.000000 0.000000 0.000000 1.000000 0.000000 0.000000 0.000000 1.000000 1748.dat
1 71 1.952430 -16.000000 64.380970 -1.000000 0.000000 0.000000 0.000000 1.000000 0.000000 0.000000 0.000000 -1.000000 1748.dat
1 71 51.952400 -16.000000 14.380960 0.000000 0.000000 -1.000000 0.000000 1.000000 0.000000 1.000000 0.000000 0.000000 1748.dat
1 71 -48.047630 -16.000000 -25.619070 0.000000 0.000000 1.000000 0.000000 1.000000 0.000000 -1.000000 0.000000 0.000000 1748.dat
0 STEP
1 15 -48.047630 -8.000000 4.380940 0.000000 0.000000 1.000000 0.000000 1.000000 0.000000 -1.000000 0.000000 0.000000 54200.dat
1 15 51.952400 -8.000000 -15.619050 0.000000 0.000000 -1.000000 0.000000 1.000000 0.000000 1.000000 0.000000 0.000000 54200.dat
0 STEP
1 322 -28.047640 -24.000000 14.380940 0.000000 0.000000 1.000000 0.000000 1.000000 0.000000 -1.000000 0.000000 0.000000 3023b.dat
0 STEP
1 322 -18.047650 -24.000000 44.380940 1.000000 0.000000 0.000000 0.000000 1.000000 0.000000 0.000000 0.000000 1.000000 3069b.dat
1 322 11.952350 -24.000000 44.380960 0.000000 0.000000 -1.000000 0.000000 1.000000 0.000000 1.000000 0.000000 0.000000 25269.dat
1 3 -28.047620 -40.000000 -15.619060 1.000000 0.000000 0.000000 0.000000 1.000000 0.000000 0.000000 0.000000 1.000000 50950.dat
0 STEP
1 15 1.952370 -40.000000 4.380950 0.000000 0.000000 1.000000 0.000000 1.000000 0.000000 -1.000000 0.000000 0.000000 3002.dat
1 3 -8.047620 -40.000000 -35.619040 1.000000 0.000000 0.000000 0.000000 1.000000 0.000000 0.000000 0.000000 1.000000 78666.dat
0 STEP
1 322 21.952380 -24.000000 -55.619040 1.000000 0.000000 0.000000 0.000000 1.000000 0.000000 0.000000 0.000000 1.000000 3069b.dat
1 322 31.952380 -24.000000 -25.619040 0.000000 0.000000 1.000000 0.000000 1.000000 0.000000 -1.000000 0.000000 0.000000 3023b.dat
1 322 -8.047609 -24.000000 -55.619050 0.000000 0.000000 1.000000 0.000000 1.000000 0.000000 -1.000000 0.000000 0.000000 25269.dat
1 3 31.952380 -40.000000 4.380960 -1.000000 0.000000 0.000000 0.000000 1.000000 0.000000 0.000000 0.000000 -1.000000 50950.dat
1 3 -8.047620 -40.000000 -35.619040 1.000000 0.000000 0.000000 0.000000 1.000000 0.000000 0.000000 0.000000 1.000000 54200.dat
1 15 1.952370 -64.000000 -5.619040 1.000000 0.000000 0.000000 0.000000 1.000000 0.000000 0.000000 0.000000 1.000000 30165.dat
0 STEP
0 NOFILE
0 FILE 2_seahorse
0 2_seahorse
0 Name:  2_seahorse
0 Author:  
0 CustomBrick
0 FlexibleBrickControlPointUnitLength -1
0 FlexibleBrickLockedControlPoint 
0 NumOfBricks:  74
1 3 -0.000020 -51.162080 9.991710 0.000000 0.000000 1.000000 1.000000 0.000000 0.000000 0.000000 1.000000 0.000000 3795.dat
1 71 0.000000 -91.162080 1.991720 0.000000 0.000000 -1.000000 -1.000000 0.000000 0.000000 0.000000 1.000000 0.000000 92582.dat
0 STEP
1 85 -0.000020 -61.162080 1.991720 1.000000 0.000000 0.000000 0.000000 0.000000 -1.000000 0.000000 1.000000 0.000000 3710.dat
1 25 -0.000010 -41.162070 1.991710 1.000000 0.000000 0.000000 0.000000 0.000000 -1.000000 0.000000 1.000000 0.000000 3023b.dat
1 323 0.000020 8.837920 1.991710 0.000000 0.000000 1.000000 1.000000 0.000000 0.000000 0.000000 1.000000 0.000000 3020.dat
0 STEP
1 323 0.000040 48.837910 9.991710 0.000000 0.000000 1.000000 1.000000 0.000000 0.000000 0.000000 1.000000 0.000000 3020.dat
1 71 0.000040 68.837920 1.991710 0.000000 0.000000 1.000000 1.000000 0.000000 0.000000 0.000000 1.000000 0.000000 92582.dat
0 STEP
1 323 0.000030 -51.162080 -6.008280 0.000000 0.000000 1.000000 1.000000 0.000000 0.000000 0.000000 1.000000 0.000000 3020.dat
1 323 0.000050 28.837900 -6.008290 0.000000 0.000000 1.000000 1.000000 0.000000 0.000000 0.000000 1.000000 0.000000 3020.dat
0 STEP
1 25 0.000030 -81.162080 -30.008280 -1.000000 0.000000 0.000000 0.000000 0.000000 1.000000 0.000000 1.000000 0.000000 37352.dat
1 15 -9.999940 -31.162080 -14.008280 0.000000 0.000000 1.000000 1.000000 0.000000 0.000000 0.000000 1.000000 0.000000 3710.dat
1 15 10.000030 -31.162080 -14.008290 0.000000 0.000000 1.000000 1.000000 0.000000 0.000000 0.000000 1.000000 0.000000 3710.dat
0 STEP
1 15 0.000050 58.837900 -14.008290 1.000000 0.000000 0.000000 0.000000 0.000000 -1.000000 0.000000 1.000000 0.000000 1748.dat
1 15 -9.999949 28.837900 -14.008290 1.000000 0.000000 0.000000 0.000000 0.000000 -1.000000 0.000000 1.000000 0.000000 92946.dat
1 15 10.000050 28.837900 -14.008290 1.000000 0.000000 0.000000 0.000000 0.000000 -1.000000 0.000000 1.000000 0.000000 92946.dat
0 STEP
1 4 -9.999940 -61.162100 -30.008280 0.000000 0.000000 1.000000 1.000000 0.000000 0.000000 0.000000 1.000000 0.000000 6091.dat
1 4 10.000020 -61.162080 -30.008280 0.000000 0.000000 -1.000000 -1.000000 0.000000 0.000000 0.000000 1.000000 0.000000 6091.dat
0 STEP
1 15 -9.999920 -31.162080 -22.008280 0.000000 0.000000 1.000000 1.000000 0.000000 0.000000 0.000000 1.000000 0.000000 44728.dat
1 15 10.000040 -31.162090 -22.008280 0.000000 0.000000 -1.000000 -1.000000 0.000000 0.000000 0.000000 1.000000 0.000000 44728.dat
0 STEP
1 323 -9.999909 -41.162080 -30.008280 0.000000 0.000000 1.000000 1.000000 0.000000 0.000000 0.000000 1.000000 0.000000 3623.dat
1 323 10.000040 -41.162090 -30.008290 0.000000 0.000000 1.000000 1.000000 0.000000 0.000000 0.000000 1.000000 0.000000 3623.dat
0 STEP
1 4 0.000040 -21.162090 -38.008280 1.000000 0.000000 0.000000 0.000000 0.000000 -1.000000 0.000000 1.000000 0.000000 3023b.dat
0 STEP
1 4 -9.999920 -1.162090 -38.008290 0.000000 0.000000 1.000000 1.000000 0.000000 0.000000 0.000000 1.000000 0.000000 87087.dat
1 4 10.000060 -1.162090 -38.008290 0.000000 0.000000 -1.000000 -1.000000 0.000000 0.000000 0.000000 1.000000 0.000000 87087.dat
1 25 -9.999940 18.837900 -38.008290 0.000000 0.000000 1.000000 1.000000 0.000000 0.000000 0.000000 1.000000 0.000000 87087.dat
1 25 10.000060 18.837900 -38.008290 0.000000 0.000000 -1.000000 -1.000000 0.000000 0.000000 0.000000 1.000000 0.000000 87087.dat
0 STEP
1 25 0.000060 -1.162090 -46.008280 1.000000 0.000000 0.000000 0.000000 0.000000 -1.000000 0.000000 1.000000 0.000000 3023b.dat
0 STEP
1 191 -9.999960 -41.162100 -54.008280 -1.000000 0.000000 0.000000 0.000000 0.000000 1.000000 0.000000 1.000000 0.000000 50950.dat
1 191 10.000040 -41.162090 -54.008280 -1.000000 0.000000 0.000000 0.000000 0.000000 1.000000 0.000000 1.000000 0.000000 50950.dat
1 25 -9.999940 8.837910 -38.008290 1.000000 0.000000 0.000000 0.000000 0.000000 -1.000000 0.000000 1.000000 0.000000 11477.dat
1 25 10.000060 8.837910 -38.008290 1.000000 0.000000 0.000000 0.000000 0.000000 -1.000000 0.000000 1.000000 0.000000 11477.dat
0 STEP
1 71 32.000050 -31.162100 -2.008290 0.000000 -1.000000 0.000000 0.000000 0.000000 -1.000000 1.000000 0.000000 0.000000 92582.dat
0 STEP
1 322 24.000040 -41.162100 -22.008280 0.000000 -1.000000 0.000000 1.000000 0.000000 0.000000 0.000000 0.000000 1.000000 11477.dat
1 85 24.000050 -21.162100 -22.008280 0.000000 -1.000000 0.000000 1.000000 0.000000 0.000000 0.000000 0.000000 1.000000 11477.dat
0 STEP
1 4 28.000080 -1.162090 -18.008290 0.000000 -1.000000 0.000000 0.000000 0.000000 -1.000000 1.000000 0.000000 0.000000 11458.dat
0 STEP
1 4 20.000080 8.837910 -28.008290 0.000000 -1.000000 0.000000 0.000000 0.000000 -1.000000 1.000000 0.000000 0.000000 11477.dat
0 STEP
1 16 65.337070 -1.161450 9.705560 0.906305 0.000000 -0.422624 0.000000 1.000000 0.000000 0.422624 0.000000 0.906305 2_fin left copy
0 STEP
1 71 -31.999940 -31.162070 -2.008280 0.000000 1.000000 0.000000 0.000000 0.000000 1.000000 1.000000 0.000000 0.000000 92582.dat
0 STEP
1 322 -23.999940 -41.162070 -22.008280 0.000000 1.000000 0.000000 -1.000000 0.000000 0.000000 0.000000 0.000000 1.000000 11477.dat
1 85 -23.999940 -21.162080 -22.008280 0.000000 1.000000 0.000000 -1.000000 0.000000 0.000000 0.000000 0.000000 1.000000 11477.dat
0 STEP
1 4 -27.999920 -1.162090 -18.008290 0.000000 1.000000 0.000000 0.000000 0.000000 1.000000 1.000000 0.000000 0.000000 11458.dat
0 STEP
1 4 -19.999920 8.837910 -28.008290 0.000000 1.000000 0.000000 0.000000 0.000000 -1.000000 -1.000000 0.000000 0.000000 11477.dat
0 STEP
1 16 -64.430660 -1.161430 9.282780 0.906308 0.000000 0.422618 0.000000 1.000000 0.000000 -0.422618 0.000000 0.906308 2_fin right copy
0 STEP
1 16 0.000060 97.338550 -54.839280 1.000000 0.000000 0.000000 0.000000 0.996195 -0.087156 0.000000 0.087156 0.996195 2_tail copy
0 STEP
1 16 -0.000010 -87.346430 -19.438780 1.000000 0.000000 0.000000 0.000000 0.906308 -0.422619 0.000000 0.422619 0.906308 head copy
0 STEP
0 STEP
0 NOFILE
0 FILE 2_Fin Left Copy
0 2_Fin Left Copy
0 Name:  2_Fin Left Copy
0 Author:  
0 CustomBrick
0 FlexibleBrickControlPointUnitLength -1
0 FlexibleBrickLockedControlPoint 
0 NumOfBricks:  4
1 15 4.500010 -30.000640 8.000000 -1.000000 0.000000 0.000000 0.000000 0.000000 1.000000 0.000000 1.000000 0.000000 44302.dat
1 323 -5.500000 -10.000640 8.000000 1.000000 0.000000 0.000000 0.000000 0.000000 -1.000000 0.000000 1.000000 0.000000 24201.dat
0 STEP
1 322 -5.500000 -30.000640 0.000000 1.000000 0.000000 0.000000 0.000000 0.000000 -1.000000 0.000000 1.000000 0.000000 27925.dat
1 191 -5.500000 -30.000640 0.000000 1.000000 0.000000 0.000000 0.000000 0.000000 -1.000000 0.000000 1.000000 0.000000 25269.dat
0 STEP
0 NOFILE
0 FILE 2_Fin Right Copy
0 2_Fin Right Copy
0 Name:  2_Fin Right Copy
0 Author:  
0 CustomBrick
0 FlexibleBrickControlPointUnitLength -1
0 FlexibleBrickLockedControlPoint 
0 NumOfBricks:  4
1 15 -5.499990 -30.000640 8.000000 1.000000 0.000000 0.000000 0.000000 0.000000 -1.000000 0.000000 1.000000 0.000000 44302.dat
1 323 4.500000 -10.000640 8.000000 1.000000 0.000000 0.000000 0.000000 0.000000 -1.000000 0.000000 1.000000 0.000000 24201.dat
0 STEP
1 322 4.499990 -30.000660 0.000000 0.000000 0.000000 1.000000 1.000000 0.000000 0.000000 0.000000 1.000000 0.000000 27925.dat
1 191 4.500000 -30.000650 0.000000 0.000000 0.000000 1.000000 1.000000 0.000000 0.000000 0.000000 1.000000 0.000000 25269.dat
0 STEP
0 NOFILE
0 FILE 2_Tail Copy
0 2_Tail Copy
0 Name:  2_Tail Copy
0 Author:  
0 CustomBrick
0 FlexibleBrickControlPointUnitLength -1
0 FlexibleBrickLockedControlPoint 
0 NumOfBricks:  8
1 16 -0.000020 0.000000 16.750000 1.000000 0.000000 0.000000 0.000000 1.000000 0.000000 0.000000 0.000000 1.000000 2_segment 2 copy
0 STEP
1 15 -0.000010 -34.727920 -23.306360 0.000000 0.000001 1.000000 0.707107 -0.707107 0.000001 0.707107 0.707107 0.000000 78257.dat
1 191 0.000080 -29.071100 -28.963270 1.000002 0.000001 0.000000 0.000001 -0.707107 -0.707107 0.000000 0.707107 -0.707108 25269.dat
0 STEP
1 15 0.000020 -68.604740 -27.766320 1.000000 0.000000 0.000001 0.000001 0.500000 -0.866025 0.000000 0.866025 0.500000 61252.dat
1 191 0.000020 -72.604740 -34.694530 -1.000000 0.000000 -0.000001 -0.000001 0.500000 0.866025 0.000000 0.866025 -0.500000 25269.dat
0 STEP
0 NOFILE
0 FILE 2_Segment 2 Copy
0 2_Segment 2 Copy
0 Name:  2_Segment 2 Copy
0 Author:  
0 CustomBrick
0 FlexibleBrickControlPointUnitLength -1
0 FlexibleBrickLockedControlPoint 
0 NumOfBricks:  4
1 323 0.000000 -8.000000 5.499990 0.000000 0.000000 1.000000 0.000000 1.000000 0.000000 -1.000000 0.000000 0.000000 3023b.dat
1 15 0.000000 -16.000000 5.500000 0.000000 0.000000 -1.000000 0.000000 1.000000 0.000000 1.000000 0.000000 0.000000 44302.dat
0 STEP
1 15 0.000000 -24.000000 -4.500000 1.000000 0.000000 0.000000 0.000000 1.000000 0.000000 0.000000 0.000000 1.000000 61252.dat
1 15 -0.000010 -16.000000 5.500000 -1.000000 0.000000 0.000000 0.000000 1.000000 0.000000 0.000000 0.000000 -1.000000 11477.dat
0 STEP
0 NOFILE
0 FILE Head Copy
0 Head Copy
0 Name:  Head Copy
0 Author:  
0 CustomBrick
0 FlexibleBrickControlPointUnitLength -1
0 FlexibleBrickLockedControlPoint 
0 NumOfBricks:  17
1 3 -0.000010 -36.000020 25.823520 0.000000 0.000000 1.000000 1.000000 0.000000 0.000000 0.000000 1.000000 0.000000 3022.dat
1 323 0.000000 -26.000020 17.823520 1.000000 0.000000 0.000000 0.000000 0.000000 -1.000000 0.000000 1.000000 0.000000 60471.dat
0 STEP
1 15 0.000020 -26.000030 -6.176480 -1.000000 0.000000 0.000000 0.000000 0.000000 1.000000 0.000000 1.000000 0.000000 3004.dat
0 STEP
1 15 9.999980 -46.000000 1.823520 0.000000 0.000000 -1.000000 -1.000000 0.000000 0.000000 0.000000 1.000000 0.000000 87087.dat
1 15 -10.000000 -46.000020 1.823520 0.000000 0.000000 1.000000 1.000000 0.000000 0.000000 0.000000 1.000000 0.000000 87087.dat
0 STEP
1 15 0.000010 -46.000000 -6.176480 -1.000000 0.000000 0.000000 0.000000 0.000000 1.000000 0.000000 1.000000 0.000000 44728.dat
1 25 0.000010 -68.000030 13.823520 -1.000000 0.000000 0.000000 0.000000 1.000000 0.000000 0.000000 0.000000 -1.000000 87580.dat
0 STEP
1 25 9.999980 -26.000020 -30.176470 0.000000 0.000000 -1.000000 -1.000000 0.000000 0.000000 0.000000 1.000000 0.000000 78666.dat
1 25 -9.999980 -26.000020 -30.176470 0.000000 0.000000 -1.000000 -1.000000 0.000000 0.000000 0.000000 1.000000 0.000000 78666.dat
1 25 0.000010 -26.000020 -38.176470 -1.000000 0.000000 0.000000 0.000000 0.000000 1.000000 0.000000 1.000000 0.000000 3023b.dat
0 STEP
1 15 -28.000010 -45.999900 11.823530 0.000000 1.000000 0.000000 0.000000 0.000000 1.000000 1.000000 0.000000 0.000000 14769p0k.dat
1 15 28.000000 -46.000000 11.823520 0.000000 -1.000000 0.000000 1.000001 0.000000 0.000000 0.000000 0.000000 1.000000 14769p0k.dat
0 STEP
1 323 -0.000010 -26.000000 33.823520 -1.000000 0.000000 0.000000 0.000000 0.000000 1.000000 0.000000 1.000000 0.000000 3023b.dat
1 15 -0.000010 -26.000000 33.823520 -1.000000 0.000000 0.000000 0.000000 0.000000 1.000000 0.000000 1.000000 0.000000 1750.dat
1 323 -0.000010 -26.000000 49.823520 -1.000000 0.000000 0.000000 0.000000 0.000000 1.000000 0.000000 1.000000 0.000000 3023b.dat
0 STEP
1 297 0.000000 -92.000000 13.823530 0.000000 0.000000 1.000000 0.000000 1.000000 0.000000 -1.000000 0.000000 0.000000 59900.dat
1 297 0.000010 -96.192600 13.823530 0.000000 0.000000 1.000000 1.000000 0.000000 0.000000 0.000000 1.000000 0.000000 89522.dat
0 STEP
0 NOFILE
0 FILE peacock
0 peacock
0 Name:  peacock
0 Author:  
0 CustomBrick
0 FlexibleBrickControlPointUnitLength -1
0 FlexibleBrickLockedControlPoint 
0 NumOfBricks:  90
1 16 -4.499990 0.000000 0.204380 0.000000 0.000000 -1.000000 0.000000 1.000000 0.000000 1.000000 0.000000 0.000000 legs copy
0 STEP
1 16 -4.499990 -40.000000 -20.224140 0.000000 0.000000 -1.000000 0.000000 1.000000 0.000000 1.000000 0.000000 0.000000 torso
0 STEP
1 16 -4.500000 -128.000000 -84.724280 0.000000 0.000000 -1.000000 0.000000 1.000000 0.000000 1.000000 0.000000 0.000000 3_head copy
0 STEP
1 16 5.499980 -156.671600 104.744000 0.000000 0.000000 -1.000000 -0.866025 0.500001 0.000000 0.500001 0.866025 0.000000 tail copy
0 STEP
0 NOFILE
0 FILE Legs Copy
0 Legs Copy
0 Name:  Legs Copy
0 Author:  
0 CustomBrick
0 FlexibleBrickControlPointUnitLength -1
0 FlexibleBrickLockedControlPoint 
0 NumOfBricks:  14
1 15 -2.428570 -8.000000 30.000000 1.000000 0.000000 0.000000 0.000000 1.000000 0.000000 0.000000 0.000000 1.000000 3710.dat
1 15 -2.428570 -8.000000 -30.000000 1.000000 0.000000 0.000000 0.000000 1.000000 0.000000 0.000000 0.000000 1.000000 3710.dat
0 STEP
1 191 27.571440 -32.000000 0.000000 0.000000 0.000000 1.000000 0.000000 1.000000 0.000000 -1.000000 0.000000 0.000000 3659.dat
1 191 7.571410 -32.000000 0.000000 0.000000 0.000000 1.000000 0.000000 1.000000 0.000000 -1.000000 0.000000 0.000000 3659.dat
0 STEP
1 25 -12.428570 -32.000000 30.000010 -1.000000 0.000000 0.000000 0.000000 1.000000 0.000000 0.000000 0.000000 -1.000000 78666.dat
1 25 -12.428570 -32.000000 -30.000000 -1.000000 0.000000 0.000000 0.000000 1.000000 0.000000 0.000000 0.000000 -1.000000 78666.dat
0 STEP
1 323 -2.428560 -40.000000 0.000000 0.000000 0.000000 1.000000 0.000000 1.000000 0.000000 -1.000000 0.000000 0.000000 3020.dat
1 15 27.571460 -40.000000 0.000000 0.000000 0.000000 1.000000 0.000000 1.000000 0.000000 -1.000000 0.000000 0.000000 3710.dat
0 STEP
1 15 27.571470 -64.000000 -0.000010 0.000000 0.000000 1.000000 0.000000 1.000000 0.000000 -1.000000 0.000000 0.000000 3004.dat
1 15 7.571460 -64.000000 0.000010 0.000000 0.000000 1.000000 0.000000 1.000000 0.000000 -1.000000 0.000000 0.000000 3010.dat
1 15 27.571470 -64.000000 30.000010 0.000000 0.000000 -1.000000 0.000000 1.000000 0.000000 1.000000 0.000000 0.000000 87087.dat
1 15 27.571470 -64.000000 -30.000000 0.000000 0.000000 -1.000000 0.000000 1.000000 0.000000 1.000000 0.000000 0.000000 87087.dat
0 STEP
1 15 37.571490 -54.000000 30.000000 0.000000 -1.000000 0.000000 0.000000 0.000000 -1.000000 1.000000 0.000000 0.000000 54200.dat
1 15 37.571490 -54.000000 -30.000010 0.000000 -1.000000 0.000000 0.000000 0.000000 -1.000000 1.000000 0.000000 0.000000 54200.dat
0 STEP
0 NOFILE
0 FILE Torso
0 Torso
0 Name:  Torso
0 Author:  
0 CustomBrick
0 FlexibleBrickControlPointUnitLength -1
0 FlexibleBrickLockedControlPoint 
0 NumOfBricks:  20
1 15 18.000000 -32.000000 0.000000 1.000000 0.000000 0.000000 0.000000 1.000000 0.000000 0.000000 0.000000 1.000000 3032.dat
0 STEP
1 3 18.000000 -40.000000 0.000000 1.000000 0.000000 0.000000 0.000000 1.000000 0.000000 0.000000 0.000000 1.000000 3022.dat
0 STEP
1 15 58.000000 -40.000000 10.000000 1.000000 0.000000 0.000000 0.000000 1.000000 0.000000 0.000000 0.000000 1.000000 30383.dat
1 15 58.000000 -40.000000 -10.000000 1.000000 0.000000 0.000000 0.000000 1.000000 0.000000 0.000000 0.000000 1.000000 30383.dat
0 STEP
