0 FILE 40722 Luminous Ghost
0 40722 Luminous Ghost
0 SetNumber: 40722
0 Name: Luminous Ghost
0 ReleaseYear: 2025
0 Theme: Other
0 NumOfBricks:  165
0 Author: Kristopher Wilson
0 CustomBrick
0 FlexibleBrickControlPointUnitLength -1
0 FlexibleBrickLockedControlPoint
0 _stepReady: true
1 16 -57.569060 0.000000 -2.001650 -1.000000 0.000000 0.000000 0.000000 1.000000 0.000000 0.000000 0.000000 -1.000000 base
0 STEP
1 16 -101.210400 -8.000000 -23.637660 -1.000000 0.000000 0.000000 0.000000 1.000000 0.000000 0.000000 0.000000 -1.000000 ghost
0 STEP
1 16 48.764270 -16.000000 -12.001740 -1.000000 0.000000 0.000000 0.000000 1.000000 0.000000 0.000000 0.000000 -1.000000 pumpkin
0 STEP
1 47 3.707800 -144.555800 34.134510 -0.836516 0.224145 -0.500001 -0.482964 0.129410 0.866025 0.258820 0.965926 0.000000 42445.dat
0 STEP
1 16 65.791050 -152.711800 8.009170 -0.836515 -0.500001 -0.224145 -0.482964 0.866025 -0.129410 0.258820 0.000000 -0.965926 bat
0 STEP
0 STEP
0 NOFILE
0 FILE Base
0 Base
0 Name:  Base
0 Author:  
0 CustomBrick
0 FlexibleBrickControlPointUnitLength -1
0 FlexibleBrickLockedControlPoint 
0 NumOfBricks:  6
1 72 -46.333340 -8.000000 39.999400 0.000000 0.000000 1.000000 0.000000 1.000000 0.000000 -1.000000 0.000000 0.000000 50304.dat
1 72 -46.333340 -8.000000 -19.999890 0.000000 0.000000 1.000000 0.000000 1.000000 0.000000 -1.000000 0.000000 0.000000 50305.dat
1 47 33.666660 -32.000000 10.000120 1.000000 0.000000 0.000000 0.000000 1.000000 0.000000 0.000000 0.000000 1.000000 3003.dat
0 STEP
1 0 -106.333300 -16.000000 10.000100 1.000000 0.000000 0.000000 0.000000 1.000000 0.000000 0.000000 0.000000 1.000000 3022.dat
0 STEP
1 72 43.666660 -8.000000 20.000120 1.000000 0.000000 0.000000 0.000000 1.000000 0.000000 0.000000 0.000000 1.000000 30357.dat
1 72 43.666680 -8.000000 0.000120 0.000000 0.000000 1.000000 0.000000 1.000000 0.000000 -1.000000 0.000000 0.000000 30357.dat
0 STEP
0 NOFILE
0 FILE Ghost
0 Ghost
0 Name:  Ghost
0 Author:  
0 CustomBrick
0 FlexibleBrickControlPointUnitLength -1
0 FlexibleBrickLockedControlPoint 
0 NumOfBricks:  120
1 47 10.025310 -24.000000 18.363420 1.000000 0.000000 0.000000 0.000000 1.000000 0.000000 0.000000 0.000000 1.000000 3010.dat
1 47 40.025310 -24.000000 -11.635860 0.000000 0.000000 1.000000 0.000000 1.000000 0.000000 -1.000000 0.000000 0.000000 3004.dat
1 71 -19.974690 -8.000000 -41.635870 1.000000 0.000000 0.000000 0.000000 1.000000 0.000000 0.000000 0.000000 1.000000 3623.dat
1 71 -29.974680 -8.000000 -61.635880 1.000000 0.000000 0.000000 0.000000 1.000000 0.000000 0.000000 0.000000 1.000000 3023b.dat
0 STEP
1 72 -29.974680 -16.000000 -61.635860 -1.000000 0.000000 0.000000 0.000000 1.000000 0.000000 0.000000 0.000000 -1.000000 30383.dat
1 72 -44.974680 -30.660260 -61.635860 0.000000 -0.866025 -0.500001 0.000000 0.500001 -0.866025 1.000000 0.000000 0.000000 30553.dat
0 STEP
1 72 -19.974670 -24.000000 -61.635880 0.000000 0.000000 -1.000000 0.000000 1.000000 0.000000 1.000000 0.000000 0.000000 28192.dat
1 15 -19.974690 -48.000000 18.364140 0.000000 0.000000 1.000000 0.000000 1.000000 0.000000 -1.000000 0.000000 0.000000 2357.dat
1 15 -19.974690 -48.000000 -21.635880 1.000000 0.000000 0.000000 0.000000 1.000000 0.000000 0.000000 0.000000 1.000000 3665.dat
1 72 0.025330 -48.000000 -21.635880 0.000000 0.000000 -1.000000 0.000000 1.000000 0.000000 1.000000 0.000000 0.000000 6541.dat
0 STEP
1 16 10.025310 -29.196660 -19.764680 1.000000 0.000000 0.000000 0.000000 0.978148 -0.207910 0.000000 0.207910 0.978148 light switch
0 STEP
1 15 40.025310 -48.000000 18.364140 -1.000000 0.000000 0.000000 0.000000 1.000000 0.000000 0.000000 0.000000 -1.000000 2357.dat
1 15 40.025310 -48.000000 -21.635860 1.000000 0.000000 0.000000 0.000000 1.000000 0.000000 0.000000 0.000000 1.000000 3665.dat
0 STEP
1 15 -19.974690 -56.000000 -21.635880 1.000000 0.000000 0.000000 0.000000 1.000000 0.000000 0.000000 0.000000 1.000000 2420.dat
1 15 10.025310 -56.000000 18.364140 1.000000 0.000000 0.000000 0.000000 1.000000 0.000000 0.000000 0.000000 1.000000 3710.dat
1 15 40.025310 -56.000000 -11.635860 0.000000 0.000000 1.000000 0.000000 1.000000 0.000000 -1.000000 0.000000 0.000000 3023b.dat
1 15 10.025310 -56.000000 -41.635870 1.000000 0.000000 0.000000 0.000000 1.000000 0.000000 0.000000 0.000000 1.000000 3710.dat
0 STEP
1 15 -19.974690 -64.000000 -11.635870 0.000000 0.000000 1.000000 0.000000 1.000000 0.000000 -1.000000 0.000000 0.000000 3710.dat
1 71 10.025310 -64.000000 -41.635870 1.000000 0.000000 0.000000 0.000000 1.000000 0.000000 0.000000 0.000000 1.000000 3023b.dat
1 15 40.025310 -64.000000 -11.635870 0.000000 0.000000 1.000000 0.000000 1.000000 0.000000 -1.000000 0.000000 0.000000 3710.dat
0 STEP
1 15 40.025310 -104.000000 8.364140 0.000000 0.000000 -1.000000 0.000000 1.000000 0.000000 1.000000 0.000000 0.000000 22885.dat
1 15 40.025310 -104.000000 -31.635880 0.000000 0.000000 -1.000000 0.000000 1.000000 0.000000 1.000000 0.000000 0.000000 22885.dat
0 STEP
1 72 10.025310 -96.000000 18.364130 1.000000 0.000000 0.000000 0.000000 1.000000 0.000000 0.000000 0.000000 1.000000 80796.dat
0 STEP
1 71 10.025310 -104.000000 18.364130 1.000000 0.000000 0.000000 0.000000 1.000000 0.000000 0.000000 0.000000 1.000000 3023b.dat
0 STEP
1 0 40.025310 -112.000000 18.364130 -1.000000 0.000000 0.000000 0.000000 1.000000 0.000000 0.000000 0.000000 -1.000000 77844.dat
0 STEP
1 0 10.025310 -136.000000 18.364110 1.000000 0.000000 0.000000 0.000000 1.000000 0.000000 0.000000 0.000000 1.000000 52107.dat
0 STEP
1 72 10.025280 -106.000000 -23.635880 0.000000 0.000000 1.000000 1.000000 0.000000 0.000000 0.000000 1.000000 -0.000001 54869.dat
0 STEP
1 15 10.025280 -106.000000 -31.635880 1.000000 0.000000 0.000000 0.000000 0.000000 -1.000000 0.000000 1.000000 0.000000 3069b.dat
1 297 0.025280 -126.000000 -31.635860 0.000000 0.000000 1.000000 1.000000 0.000000 0.000000 0.000000 1.000000 0.000000 39739.dat
0 STEP
1 15 -19.974670 -104.000000 8.364130 0.000000 0.000000 1.000000 0.000000 1.000000 0.000000 -1.000000 0.000000 0.000000 22885.dat
1 15 -19.974670 -104.000000 -31.635880 0.000000 0.000000 1.000000 0.000000 1.000000 0.000000 -1.000000 0.000000 0.000000 22885.dat
1 15 10.025310 -104.000000 -41.635870 1.000000 0.000000 0.000000 0.000000 1.000000 0.000000 0.000000 0.000000 1.000000 22885.dat
0 STEP
1 0 -19.974670 -112.000000 -41.635870 1.000000 0.000000 0.000000 0.000000 1.000000 0.000000 0.000000 0.000000 1.000000 77844.dat
0 STEP
1 71 40.025310 -120.000000 -1.635870 0.000000 0.000000 1.000000 0.000000 1.000000 0.000000 -1.000000 0.000000 0.000000 3623.dat
1 71 -19.974660 -120.000000 -21.635880 0.000000 0.000000 1.000000 0.000000 1.000000 0.000000 -1.000000 0.000000 0.000000 3623.dat
1 71 10.025310 -120.000000 -41.635880 1.000000 0.000000 0.000000 0.000000 1.000000 0.000000 0.000000 0.000000 1.000000 3023b.dat
1 71 40.025310 -120.000000 -41.635870 1.000000 0.000000 0.000000 0.000000 1.000000 0.000000 0.000000 0.000000 1.000000 3386.dat
1 71 -19.974690 -120.000000 18.364120 0.000000 0.000000 1.000000 0.000000 1.000000 0.000000 -1.000000 0.000000 0.000000 3386.dat
0 STEP
1 15 -19.974690 -136.000000 18.364110 1.000000 0.000000 0.000000 0.000000 1.000000 0.000000 0.000000 0.000000 1.000000 86996.dat
1 15 40.025310 -136.000000 18.364130 1.000000 0.000000 0.000000 0.000000 1.000000 0.000000 0.000000 0.000000 1.000000 86996.dat
0 STEP
1 15 10.025310 -144.000000 18.364110 1.000000 0.000000 0.000000 0.000000 1.000000 0.000000 0.000000 0.000000 1.000000 3710.dat
1 4 -19.974660 -144.000000 -11.635870 0.000000 0.000000 1.000000 0.000000 1.000000 0.000000 -1.000000 0.000000 0.000000 11211.dat
1 4 40.025310 -144.000000 -11.635860 0.000000 0.000000 -1.000000 0.000000 1.000000 0.000000 1.000000 0.000000 0.000000 11211.dat
1 15 10.025310 -144.000000 -41.635870 1.000000 0.000000 0.000000 0.000000 1.000000 0.000000 0.000000 0.000000 1.000000 30414.dat
0 STEP
1 15 -19.974640 -152.000000 18.364130 0.000000 0.000000 1.000000 0.000000 1.000000 0.000000 -1.000000 0.000000 0.000000 2420.dat
1 15 40.025310 -152.000000 18.364140 -1.000000 0.000000 0.000000 0.000000 1.000000 0.000000 0.000000 0.000000 -1.000000 2420.dat
1 72 -19.974660 -152.000000 -21.635880 1.000000 0.000000 0.000000 0.000000 1.000000 0.000000 0.000000 0.000000 1.000000 3024.dat
1 72 40.025310 -152.000000 -21.635860 1.000000 0.000000 0.000000 0.000000 1.000000 0.000000 0.000000 0.000000 1.000000 3024.dat
1 71 30.025310 -152.000000 -41.635870 1.000000 0.000000 0.000000 0.000000 1.000000 0.000000 0.000000 0.000000 1.000000 14418.dat
1 71 -9.974660 -152.000000 -41.635870 -1.000000 0.000000 0.000000 0.000000 1.000000 0.000000 0.000000 0.000000 -1.000000 14418.dat
0 STEP
1 15 -19.974640 -176.000000 18.364130 1.000000 0.000000 0.000000 0.000000 1.000000 0.000000 0.000000 0.000000 1.000000 78666.dat
1 15 40.025310 -176.000000 18.364140 -1.000000 0.000000 0.000000 0.000000 1.000000 0.000000 0.000000 0.000000 -1.000000 78666.dat
1 15 10.025310 -160.000000 -41.635870 1.000000 0.000000 0.000000 0.000000 1.000000 0.000000 0.000000 0.000000 1.000000 3023b.dat
0 STEP
1 15 10.025310 -184.000000 18.364130 1.000000 0.000000 0.000000 0.000000 1.000000 0.000000 0.000000 0.000000 1.000000 3710.dat
1 47 10.025310 -176.000000 -11.635870 1.000000 0.000000 0.000000 0.000000 1.000000 0.000000 0.000000 0.000000 1.000000 3001.dat
0 STEP
1 15 10.025410 -224.000000 18.364130 -1.000000 0.000000 0.000000 0.000000 1.000000 0.000000 0.000000 0.000000 -1.000000 22885.dat
0 STEP
1 15 10.025410 -214.000000 36.364130 1.000000 0.000000 0.000000 0.000000 0.000000 1.000000 0.000000 -1.000000 0.000000 3023b.dat
1 15 10.025410 -204.000000 28.364130 -1.000000 0.000000 0.000000 0.000000 0.000000 -1.000000 0.000000 -1.000000 0.000000 15068.dat
0 STEP
1 15 40.025420 -184.000000 18.364130 0.000000 0.000000 1.000000 0.000000 1.000000 0.000000 -1.000000 0.000000 0.000000 54200.dat
1 15 -19.974630 -184.000000 18.364130 0.000000 0.000000 -1.000000 0.000000 1.000000 0.000000 1.000000 0.000000 0.000000 54200.dat
1 47 10.025310 -200.000000 -11.635870 1.000000 0.000000 0.000000 0.000000 1.000000 0.000000 0.000000 0.000000 1.000000 3001.dat
1 4 10.025310 -184.000000 -41.635870 1.000000 0.000000 0.000000 0.000000 1.000000 0.000000 0.000000 0.000000 1.000000 11211.dat
0 STEP
1 47 10.025310 -224.000000 -11.635870 1.000000 0.000000 0.000000 0.000000 1.000000 0.000000 0.000000 0.000000 1.000000 3001.dat
1 15 10.025310 -224.000000 -41.635870 1.000000 0.000000 0.000000 0.000000 1.000000 0.000000 0.000000 0.000000 1.000000 22885.dat
0 STEP
1 15 -19.974660 -224.000000 -41.635870 1.000000 0.000000 0.000000 0.000000 1.000000 0.000000 0.000000 0.000000 1.000000 14716.dat
1 15 40.025310 -224.000000 -41.635870 1.000000 0.000000 0.000000 0.000000 1.000000 0.000000 0.000000 0.000000 1.000000 14716.dat
0 STEP
1 15 10.025310 -144.000000 -59.635880 0.000000 0.000000 1.000000 1.000000 0.000000 0.000000 0.000000 1.000000 0.000000 3035.dat
0 STEP
1 15 10.025310 -214.000000 -67.635880 1.000000 0.000000 0.000000 0.000000 0.000000 -1.000000 0.000000 1.000000 0.000000 3069b.dat
1 15 10.025310 -64.000010 -51.635880 1.000000 0.000000 0.000000 0.000000 0.000000 -1.000000 0.000000 1.000000 0.000000 15068.dat
1 15 0.025340 -144.000000 -67.635880 0.000000 0.000000 1.000000 1.000000 0.000000 0.000000 0.000000 1.000000 0.000000 6636.dat
1 15 20.025310 -144.000000 -67.635880 0.000000 0.000000 1.000000 1.000000 0.000000 0.000000 0.000000 1.000000 0.000000 6636.dat
0 STEP
1 15 -37.974660 -124.000000 -11.635870 0.000000 1.000000 0.000000 -1.000000 0.000000 0.000000 0.000000 0.000000 1.000000 3832.dat
0 STEP
1 15 -29.974680 -204.000000 -31.635880 0.000000 1.000000 0.000000 -1.000000 0.000000 0.000000 0.000000 0.000000 1.000000 15068.dat
1 15 -29.974680 -204.000000 8.364130 0.000000 1.000000 0.000000 1.000000 0.000000 0.000000 0.000000 0.000000 -1.000000 15068.dat
1 15 -29.974660 -174.000000 -11.635870 0.000000 1.000000 0.000000 -1.000000 0.000000 0.000000 0.000000 0.000000 1.000000 93273.dat
1 15 -29.974660 -144.000000 8.364130 0.000000 1.000000 0.000000 1.000000 0.000000 0.000000 0.000000 0.000000 -1.000000 15068.dat
1 15 -45.974660 -144.000000 -21.635880 0.000000 1.000000 0.000000 -1.000000 0.000000 0.000000 0.000000 0.000000 1.000000 3069b.dat
1 15 -45.974660 -104.000000 -1.635870 0.000000 1.000000 0.000000 -1.000000 0.000000 0.000000 0.000000 0.000000 1.000000 3069b.dat
1 15 -29.974660 -104.000000 -31.635880 0.000000 1.000000 0.000000 -1.000000 0.000000 0.000000 0.000000 0.000000 1.000000 15068.dat
0 STEP
1 15 -85.974660 -33.999980 -1.635870 0.000000 1.000000 0.000000 -1.000000 0.000000 0.000000 0.000000 0.000000 1.000000 18653.dat
1 15 -85.974640 -33.999990 -21.635880 0.000000 1.000000 0.000000 -1.000000 0.000000 0.000000 0.000000 0.000000 1.000000 18653.dat
0 STEP
1 15 -85.974640 -33.999990 -11.635870 0.000000 1.000000 0.000000 0.000000 0.000000 1.000000 1.000000 0.000000 0.000000 85984.dat
1 15 -29.974660 -74.000010 -41.635870 0.000000 1.000000 0.000000 -1.000000 0.000000 0.000000 0.000000 0.000000 1.000000 54200.dat
0 STEP
1 71 -51.974660 -148.000000 -41.635870 -1.000000 0.000000 0.000000 0.000000 0.984808 0.173646 0.000000 0.173646 -0.984808 2736.dat
0 STEP
1 15 -82.174660 -148.000000 -41.635920 0.000000 0.000000 1.000000 0.173646 0.984808 0.000000 -0.984808 0.173646 0.000000 25214.dat
0 STEP
1 15 -82.174660 -156.638900 7.358290 -0.000001 0.000000 1.000000 -0.984808 0.173646 -0.000001 -0.173646 -0.984808 0.000000 48729b.dat
0 STEP
1 72 -82.174660 -54.728560 5.272890 1.000000 0.000000 0.000000 0.000000 -0.173646 -0.984808 0.000000 0.984808 -0.173646 92338c01.dat copy 5
0 STEP
1 15 58.025310 -144.000000 -21.635860 0.000000 -1.000000 0.000000 1.000000 0.000000 0.000000 0.000000 0.000000 1.000000 3460.dat
1 15 58.025310 -144.000000 -1.635860 0.000000 -1.000000 0.000000 1.000000 0.000000 0.000000 0.000000 0.000000 1.000000 3460.dat
0 STEP
1 15 50.025420 -214.000000 -11.635860 0.000000 -1.000000 0.000000 1.000000 0.000000 0.000000 0.000000 0.000000 1.000000 93273.dat
1 15 50.025310 -194.000000 -11.635860 0.000000 -1.000000 0.000000 1.000000 0.000000 0.000000 0.000000 0.000000 1.000000 93273.dat
1 15 50.025310 -174.000000 -11.635860 0.000000 -1.000000 0.000000 1.000000 0.000000 0.000000 0.000000 0.000000 1.000000 93273.dat
1 15 66.025310 -144.000000 -21.635860 0.000000 -1.000000 0.000000 1.000000 0.000000 0.000000 0.000000 0.000000 1.000000 3069b.dat
1 15 50.025310 -144.000000 8.364140 0.000000 -1.000000 0.000000 -1.000000 0.000000 0.000000 0.000000 0.000000 -1.000000 15068.dat
1 15 50.025420 -114.000000 -11.635860 0.000000 -1.000000 0.000000 1.000000 0.000000 0.000000 0.000000 0.000000 1.000000 93273.dat
1 15 50.025310 -94.000000 -11.635860 0.000000 -1.000000 0.000000 1.000000 0.000000 0.000000 0.000000 0.000000 1.000000 93273.dat
1 15 50.025310 -64.000000 -31.635860 0.000000 -1.000000 0.000000 1.000000 0.000000 0.000000 0.000000 0.000000 1.000000 5852.dat
1 15 50.025310 -64.000010 8.364140 0.000000 -1.000000 0.000000 0.000000 0.000000 -1.000000 1.000000 0.000000 0.000000 5852.dat
0 STEP
1 15 101.905300 -156.060700 4.078920 0.000000 0.000000 -1.000000 0.984808 0.173648 0.000000 0.173648 -0.984808 0.000000 48729b.dat
1 71 72.025310 -148.000000 -41.635870 1.000000 0.000000 0.000000 0.000000 0.984808 -0.173648 0.000000 0.173648 0.984808 2736.dat
0 STEP
1 15 101.905300 -148.000000 -41.635870 1.000000 0.000000 0.000000 0.000000 0.984808 -0.173648 0.000000 0.173648 0.984808 25214.dat
0 STEP
1 72 101.905400 -54.728620 5.272920 1.000000 0.000000 0.000000 0.000000 -0.173646 -0.984808 0.000000 0.984808 -0.173646 92338c01.dat copy 6
0 STEP
1 15 -77.974690 -73.999980 18.364110 0.000000 1.000000 0.000000 -1.000000 0.000000 0.000000 0.000000 0.000000 1.000000 18653.dat
0 STEP
1 15 -77.974690 -73.999980 18.364120 0.000000 1.000000 0.000000 0.000000 0.000000 1.000000 1.000000 0.000000 0.000000 54200.dat
0 STEP
1 15 10.025310 -106.000000 36.364100 0.000000 0.000000 1.000000 -1.000000 0.000000 0.000000 0.000000 -1.000000 0.000000 3021.dat
1 15 10.025280 -56.000000 36.364140 1.000000 0.000000 0.000000 0.000000 0.000000 1.000000 0.000000 -1.000000 0.000000 3022.dat
0 STEP
1 15 30.025310 -136.000000 28.364120 1.000000 0.000000 0.000000 0.000000 0.000000 1.000000 0.000000 -1.000000 0.000000 5852.dat
1 15 -9.974689 -136.000000 28.364110 0.000000 0.000000 1.000000 -1.000000 0.000000 0.000000 0.000000 -1.000000 0.000000 5852.dat
1 15 10.025310 -106.000000 28.364110 0.000000 0.000000 1.000000 -1.000000 0.000000 0.000000 0.000000 -1.000000 0.000000 93273.dat
1 15 30.025310 -76.000000 28.364110 0.000000 0.000000 -1.000000 1.000000 0.000000 0.000000 0.000000 -1.000000 0.000000 15068.dat
1 15 -9.974689 -76.000000 28.364120 0.000000 0.000000 1.000000 -1.000000 0.000000 0.000000 0.000000 -1.000000 0.000000 15068.dat
0 STEP
1 15 20.025310 -46.000000 52.364150 0.000000 0.000000 -1.000000 1.000000 0.000000 0.000000 0.000000 -1.000000 0.000000 5841.dat
0 STEP
1 15 -9.974689 -46.000000 52.364160 0.000000 0.000000 1.000000 -1.000000 0.000000 0.000000 0.000000 -1.000000 0.000000 61678.dat
0 STEP
1 15 20.025310 -272.000000 -21.635880 1.000000 0.000000 0.000000 0.000000 1.000000 0.000000 0.000000 0.000000 1.000000 88293.dat
1 15 0.025360 -272.000000 -21.635910 0.000000 0.000000 1.000000 0.000000 1.000000 0.000000 -1.000000 0.000000 0.000000 88293.dat
1 15 0.025370 -272.000000 -1.635870 -1.000000 0.000000 0.000000 0.000000 1.000000 0.000000 0.000000 0.000000 -1.000000 88293.dat
1 15 20.025410 -272.000000 -1.635860 0.000000 0.000000 -1.000000 0.000000 1.000000 0.000000 1.000000 0.000000 0.000000 88293.dat
0 STEP
0 NOFILE
0 FILE Light Switch
0 Light Switch
0 Name:  Light Switch
0 Author:  
0 CustomBrick
0 FlexibleBrickControlPointUnitLength -1
0 FlexibleBrickLockedControlPoint 
0 NumOfBricks:  4
1 71 0.000000 -9.000010 0.000000 1.000000 0.000000 0.000000 0.000000 1.000000 0.000000 0.000000 0.000000 1.000000 3673.dat
1 15 10.000000 -9.000010 -40.000000 0.000000 1.000000 0.000000 -1.000000 0.000000 0.000000 0.000000 0.000000 1.000000 32140.dat
0 STEP
1 71 0.000000 -9.000010 20.000000 1.000000 0.000000 0.000000 0.000000 1.000000 0.000000 0.000000 0.000000 1.000000 3673.dat
0 STEP
1 4 -10.000000 -9.000020 20.000000 0.000000 -1.000000 0.000000 0.000000 0.000000 1.000000 -1.000000 0.000000 0.000000 18654.dat
0 STEP
0 NOFILE
0 FILE 92338c01.dat Copy 5
0 Chain 5 Links
0 Name:  92338
0 Author:  J.C. Tchang [tchang]
0 FlexibleBrick:  92338c01.dat
0 FlexibleBrickControlPointUnitLength -1
0 FlexibleBrickControlPoint 3.862399 -11.22872 -31.72829
0 FlexibleBrickControlPoint 4.329888 -8.238418 -45.14104
0 FlexibleBrickControlPoint 6.472359 -5.727268 -58.48895
0 FlexibleBrickControlPoint 4.152729 -2.05034 -71.53356
0 FlexibleBrickLockedControlPoint 
1 16 0.000000 -15.193840 2.679050 1.000000 0.000000 0.000000 0.000000 1.000000 0.000000 0.000000 0.000000 1.000000 208.dat
1 16 3.089920 -11.621740 29.118440 0.040562 0.280902 -0.958879 -0.989734 0.142918 0.000000 0.137041 0.949036 0.283815 209.dat
1 16 4.236390 -8.836480 42.458500 -0.999393 0.033999 -0.007575 0.000000 0.217476 0.976066 0.034833 0.975473 -0.217344 209.dat
1 16 6.043860 -6.229500 55.819370 0.028943 0.155816 -0.987362 -0.983182 0.182629 0.000000 0.180321 0.970756 0.158482 209.dat
1 16 4.616650 -2.785730 68.924640 -0.984554 -0.168700 0.046818 0.000000 0.267413 0.963582 -0.175076 0.948699 -0.263282 209.dat
1 16 0.830550 1.189930 81.506700 -0.093096 -0.302017 -0.948746 -0.955630 0.294571 0.000000 0.279473 0.906650 -0.316040 209.dat
1 16 0.000000 0.000000 100.000000 -1.000000 0.000000 0.000000 0.000000 1.000000 0.000000 0.000000 0.000000 -1.000000 208.dat
0 NOFILE
0 FILE 92338c01.dat Copy 6
0 Chain 5 Links Copy
0 Name:  92338
0 Author:  J.C. Tchang [tchang]
0 FlexibleBrick:  92338c01.dat
0 FlexibleBrickControlPointUnitLength -1
0 FlexibleBrickControlPoint 3.862399 -11.22872 -31.72829
0 FlexibleBrickControlPoint 4.329888 -8.238418 -45.14104
0 FlexibleBrickControlPoint 6.472359 -5.727268 -58.48895
0 FlexibleBrickControlPoint 4.152729 -2.05034 -71.53356
0 FlexibleBrickLockedControlPoint 
1 16 0.000000 -15.193840 2.679050 1.000000 0.000000 0.000000 0.000000 1.000000 0.000000 0.000000 0.000000 1.000000 208.dat
1 16 3.089920 -11.621740 29.118440 0.040562 0.280902 -0.958879 -0.989734 0.142918 0.000000 0.137041 0.949036 0.283815 209.dat
1 16 4.236390 -8.836480 42.458500 -0.999393 0.033999 -0.007575 0.000000 0.217476 0.976066 0.034833 0.975473 -0.217344 209.dat
1 16 6.043860 -6.229500 55.819370 0.028943 0.155816 -0.987362 -0.983182 0.182629 0.000000 0.180321 0.970756 0.158482 209.dat
1 16 4.616650 -2.785730 68.924640 -0.984554 -0.168700 0.046818 0.000000 0.267413 0.963582 -0.175076 0.948699 -0.263282 209.dat
1 16 0.830550 1.189930 81.506700 -0.093096 -0.302017 -0.948746 -0.955630 0.294571 0.000000 0.279473 0.906650 -0.316040 209.dat
1 16 0.000000 0.000000 100.000000 -1.000000 0.000000 0.000000 0.000000 1.000000 0.000000 0.000000 0.000000 -1.000000 208.dat
0 NOFILE
0 FILE Pumpkin
0 Pumpkin
0 Name:  Pumpkin
0 Author:  
0 CustomBrick
0 FlexibleBrickControlPointUnitLength -1
0 FlexibleBrickLockedControlPoint 
0 NumOfBricks:  22
1 25 0.000000 -24.000000 0.000000 1.000000 0.000000 0.000000 0.000000 1.000000 0.000000 0.000000 0.000000 1.000000 3003.dat
0 STEP
1 14 0.000000 -64.000020 -10.000000 1.000000 0.000000 0.000000 0.000000 1.000000 0.000000 0.000000 0.000000 1.000000 67329.dat
1 14 0.000000 -64.000020 10.000000 -1.000000 0.000000 0.000000 0.000000 1.000000 0.000000 0.000000 0.000000 -1.000000 67329.dat
0 STEP
1 2 0.000000 -72.000020 0.000000 1.000000 0.000000 0.000000 0.000000 1.000000 0.000000 0.000000 0.000000 1.000000 4032a.dat
0 STEP
1 10 0.000000 -80.000020 0.000000 -1.000000 0.000000 0.000000 0.000000 1.000000 0.000000 0.000000 0.000000 -1.000000 32607.dat
0 STEP
1 10 0.000000 -64.730030 0.000000 1.000000 0.000000 0.000000 0.000000 1.000000 0.000000 0.000000 0.000000 1.000000 33183.dat
0 STEP
1 25 28.000000 -34.000030 0.000010 0.000000 -1.000000 0.000000 -1.000000 0.000000 0.000000 0.000000 0.000000 -1.000000 3021.dat
1 25 0.000000 -34.000020 28.000000 0.000000 0.000000 1.000000 -1.000000 0.000000 0.000000 0.000000 -1.000000 0.000000 3021.dat
1 25 -27.999980 -34.000030 0.000000 0.000000 1.000000 0.000000 -1.000000 0.000000 0.000000 0.000000 0.000000 1.000000 3021.dat
1 25 0.000000 -34.000020 -27.999990 0.000000 0.000000 -1.000000 -1.000000 0.000000 0.000000 0.000000 1.000000 0.000000 3021.dat
0 STEP
1 25 0.000000 -54.000020 28.000000 1.000000 0.000000 0.000000 0.000000 0.000000 1.000000 0.000000 -1.000000 0.000000 85984.dat
1 25 28.000000 -54.000040 0.000000 0.000000 -1.000000 0.000000 0.000000 0.000000 1.000000 -1.000000 0.000000 0.000000 85984.dat
1 25 -27.999980 -54.000020 0.000000 0.000000 1.000000 0.000000 0.000000 0.000000 1.000000 1.000000 0.000000 0.000000 85984.dat
1 25 0.000000 -54.000020 -27.999990 -1.000000 0.000000 0.000000 0.000000 0.000000 1.000000 0.000000 1.000000 0.000000 85984.dat
1 25 0.000000 -34.000020 36.000000 1.000000 0.000000 0.000000 0.000000 0.000000 1.000000 0.000000 -1.000000 0.000000 3023b.dat
1 25 -35.999980 -34.000030 0.000000 0.000000 1.000000 0.000000 0.000000 0.000000 1.000000 1.000000 0.000000 0.000000 3023b.dat
1 25 0.000000 -34.000020 -35.999990 -1.000000 0.000000 0.000000 0.000000 0.000000 1.000000 0.000000 1.000000 0.000000 3023b.dat
1 25 36.000000 -34.000030 0.000010 0.000000 -1.000000 0.000000 0.000000 0.000000 1.000000 -1.000000 0.000000 0.000000 3023b.dat
0 STEP
1 25 28.000000 -24.000030 0.000010 0.000000 -1.000000 0.000000 0.000000 0.000000 -1.000000 1.000000 0.000000 0.000000 15068.dat
1 25 -0.000010 -24.000020 28.000000 -1.000000 0.000000 0.000000 0.000000 0.000000 -1.000000 0.000000 -1.000000 0.000000 15068.dat
1 25 -27.999980 -24.000020 0.000000 0.000000 1.000000 0.000000 0.000000 0.000000 -1.000000 -1.000000 0.000000 0.000000 15068.dat
1 25 0.000000 -24.000020 -27.999990 1.000000 0.000000 0.000000 0.000000 0.000000 -1.000000 0.000000 1.000000 0.000000 15068.dat
0 STEP
0 NOFILE
0 FILE Bat
0 Bat
0 Name:  Bat
0 Author:  
0 CustomBrick
0 FlexibleBrickControlPointUnitLength -1
0 FlexibleBrickLockedControlPoint 
0 NumOfBricks:  16
1 0 44.756320 -61.895040 -4.375000 1.000000 0.000000 0.000000 0.000000 0.000000 1.000000 0.000000 -1.000000 0.000000 3022.dat
0 STEP
1 72 44.756320 -51.895040 3.625000 -1.000000 0.000000 0.000000 0.000000 0.000000 -1.000000 0.000000 -1.000000 0.000000 60470b.dat
1 72 44.756330 -71.895030 3.625000 1.000000 0.000000 0.000000 0.000000 0.000000 1.000000 0.000000 -1.000000 0.000000 18649.dat
0 STEP
1 0 44.756320 -71.895030 11.625000 1.000000 0.000000 0.000000 0.000000 0.000000 1.000000 0.000000 -1.000000 0.000000 99781.dat
0 STEP
1 0 44.756320 -61.895030 3.625000 -1.000000 0.000000 0.000000 0.000000 0.000000 -1.000000 0.000000 -1.000000 0.000000 66956.dat
0 STEP
1 0 44.756320 -109.895000 1.625000 1.000000 0.000000 0.000000 0.000000 1.000000 0.000000 0.000000 0.000000 1.000000 52107.dat
0 STEP
1 0 34.756320 -99.895050 -16.375010 -1.000000 0.000000 0.000000 0.000000 0.000000 1.000000 0.000000 1.000000 0.000000 49668.dat
1 0 54.756320 -99.895030 -16.374980 -1.000000 0.000000 0.000000 0.000000 0.000000 1.000000 0.000000 1.000000 0.000000 49668.dat
1 0 54.756320 -99.895030 19.625000 1.000000 0.000000 0.000000 0.000000 0.000000 1.000000 0.000000 -1.000000 0.000000 98138p0y.dat
1 0 34.756320 -99.895050 19.625000 1.000000 0.000000 0.000000 0.000000 0.000000 1.000000 0.000000 -1.000000 0.000000 98138p0y.dat
0 STEP
1 0 94.756340 -71.895050 3.625000 0.000000 0.000000 1.000000 -1.000000 0.000000 0.000000 0.000000 -1.000000 0.000000 11476.dat
1 0 -5.243680 -71.895050 3.625010 0.000000 0.000001 -1.000000 1.000000 0.000000 0.000000 0.000000 -1.000000 -0.000001 11476.dat
0 STEP
1 0 104.756300 -71.895030 -4.375000 0.000000 0.000000 1.000000 -1.000000 0.000000 0.000000 0.000000 -1.000000 0.000000 48183.dat
1 0 -15.243680 -71.895060 -4.375000 0.000000 0.000001 -1.000000 1.000000 0.000000 0.000000 0.000000 -1.000000 -0.000001 48183.dat
1 0 124.756300 -61.895020 3.625000 -1.000000 0.000000 0.000000 0.000000 0.000000 -1.000000 0.000000 -1.000000 0.000000 22385.dat
1 0 -35.243680 -61.895050 3.624990 -1.000000 0.000000 0.000000 0.000000 0.000000 -1.000000 0.000000 -1.000000 0.000000 22385.dat
0 STEP
0 NOFILE
