0 Untitled Model
0 Name:  UntitledModel
0 Author:  
0 CustomBrick
1 7 -1.139390 -21.333340 -0.881190 0.000000 0.000000 -1.000000 0.000000 1.000000 0.000000 1.000000 0.000000 0.000000 3795.dat
1 7 -1.139380 -21.333340 69.118800 -1.000000 0.000000 0.000000 0.000000 1.000000 0.000000 0.000000 0.000000 -1.000000 3023.dat
1 7 -1.139390 -13.333340 -40.881190 -1.000000 0.000000 0.000000 0.000000 1.000000 0.000000 0.000000 0.000000 -1.000000 122c03.dat
1 7 -1.139380 -13.333340 59.118820 -1.000000 0.000000 0.000000 0.000000 1.000000 0.000000 0.000000 0.000000 -1.000000 122c03.dat
1 7 18.860610 -13.333340 9.118810 0.000000 0.000000 -1.000000 0.000000 1.000000 0.000000 1.000000 0.000000 0.000000 3021.dat
1 7 -21.139380 -13.333340 9.118810 0.000000 0.000000 -1.000000 0.000000 1.000000 0.000000 1.000000 0.000000 0.000000 3021.dat
1 7 -1.139390 -37.333340 -40.881190 1.000000 0.000000 0.000000 0.000000 1.000000 0.000000 0.000000 0.000000 1.000000 3787.dat
1 7 -1.139380 -37.333340 59.118800 1.000000 0.000000 0.000000 0.000000 1.000000 0.000000 0.000000 0.000000 1.000000 3787.dat
1 7 -1.139390 -29.333340 29.118800 1.000000 0.000000 0.000000 0.000000 1.000000 0.000000 0.000000 0.000000 1.000000 3023.dat
1 7 -1.139390 -37.333340 -50.881190 1.000000 0.000000 0.000000 0.000000 1.000000 0.000000 0.000000 0.000000 1.000000 3794a.dat
1 7 -1.139390 -37.333340 59.118800 0.000000 0.000000 -1.000000 0.000000 1.000000 0.000000 1.000000 0.000000 0.000000 3020.dat
1 7 -1.139390 -45.333340 79.118800 1.000000 0.000000 0.000000 0.000000 1.000000 0.000000 0.000000 0.000000 1.000000 3956.dat
1 7 -1.139390 -75.333340 59.118800 -1.000000 0.000000 0.000000 0.000000 0.000000 1.000000 0.000000 1.000000 0.000000 3938.dat
1 7 -1.139390 -68.905480 61.458370 -1.000000 0.000000 0.000000 0.000000 -0.642788 0.766045 0.000000 0.766044 0.642788 3937.dat
1 7 -1.139400 -37.333340 -30.881190 1.000000 0.000000 0.000000 0.000000 1.000000 0.000000 0.000000 0.000000 1.000000 3829c01.dat
1 4 -1.139330 -30.333340 7.118810 1.000000 0.000001 0.000000 0.000000 0.000000 0.999999 0.000001 -1.000000 0.000000 3816.dat
1 4 -1.139400 -30.333340 7.118800 1.000000 0.000001 0.000000 0.000000 0.000000 1.000000 0.000001 -1.000001 0.000000 3817.dat
1 4 -1.139280 -74.333380 7.118800 1.000000 0.000000 -0.000001 0.000000 1.000000 0.000000 0.000000 0.000000 1.000001 973p90.dat
1 4 14.332550 -65.457680 7.118800 0.985329 0.139806 0.097892 -0.170671 0.807134 0.565161 0.000000 -0.573575 0.819154 3819.dat
1 4 20.936380 -56.627030 -11.970690 0.999557 -0.002555 -0.029639 -0.002555 0.985247 -0.171104 0.029638 0.171099 0.984803 3820.dat
1 4 -1.139280 -74.333360 7.118800 1.000000 0.000000 -0.000001 0.000000 1.000000 0.000000 0.000000 0.000000 1.000001 3838.dat
1 14 -1.139310 -98.333400 7.118760 1.000000 0.000000 -0.000001 0.000000 1.000000 0.000000 0.000000 0.000000 1.000001 3626ap01.dat
1 4 -1.139310 -98.333400 7.118800 1.000000 0.000000 -0.000001 0.000000 1.000000 0.000000 0.000000 0.000000 1.000001 3842a.dat
1 4 -16.713920 -65.426330 7.119040 0.985496 -0.130000 -0.109085 0.169704 0.754932 0.633466 0.000001 -0.642791 0.766043 3818.dat
1 4 -23.075120 -57.948980 -12.370920 0.996140 -0.086507 0.014790 0.087462 0.992457 -0.085891 -0.007247 0.086846 0.996194 3820.dat
1 4 -1.139280 -42.333360 7.118800 1.000000 0.000000 -0.000001 0.000000 1.000000 0.000000 0.000000 0.000000 1.000001 3815.dat
1 7 8.860610 -84.332370 79.843440 -1.000000 0.000000 0.000000 0.000000 -0.642788 0.766044 0.000000 0.766044 0.642788 3024.dat
1 7 -1.139400 -37.333340 -50.881200 -1.000000 0.000000 0.000000 0.000000 1.000000 0.000000 0.000000 0.000000 -1.000000 3838.dat
1 7 8.860610 -89.474690 85.971790 -1.000000 0.000000 0.000000 0.000000 -0.642788 0.766044 0.000000 0.766044 0.642788 3960.dat
1 7 8.860610 -110.043900 110.485200 1.000000 0.000000 0.000000 0.000000 -0.766044 0.642788 0.000000 -0.642788 -0.766044 3959.dat
