0 2542 Adventurers Aeroplane
0 SetNumber: 2542
0 Name: Adventurers Aeroplane
0 Author: Kristopher Wilson
0 NumOfBricks: 25
1 0 -49.985640 -76.000850 21.606970 1.000000 0.000000 0.000000 0.000000 1.000015 0.000000 0.000000 0.000000 1.000007 3815.dat
1 0 -49.985640 -64.000370 21.606980 1.000000 0.000000 0.000000 0.000000 0.000004 1.000015 0.000000 -1.000007 0.000004 3816.dat
1 0 -49.985640 -64.000160 21.606890 1.000000 0.000000 0.000000 0.000000 0.000004 1.000000 0.000000 -1.000000 0.000004 3817.dat
1 6 -49.985640 -108.001200 21.606970 1.000000 0.000000 0.000000 0.000000 1.000015 0.000000 0.000000 0.000000 1.000007 973pa5.dat
1 6 -34.513860 -99.125430 21.606970 0.985328 0.170671 0.000000 -0.170673 0.985343 0.000000 0.000000 0.000000 1.000007 3819.dat
1 6 -65.560260 -99.093950 21.606980 0.985495 -0.169703 0.000000 0.169705 0.985510 0.000000 0.000000 0.000000 1.000007 3818.dat
1 14 -49.985640 -132.001800 21.606980 1.000000 0.000000 0.000000 0.000000 1.000015 0.000000 0.000000 0.000000 1.000007 3626bpa5.dat
1 6 -49.985640 -132.001800 21.606980 1.000000 0.000000 0.000000 0.000000 1.000015 0.000000 0.000000 0.000000 1.000007 30171.dat
1 0 -49.985640 -124.001300 21.606980 1.000000 0.000000 0.000000 0.000000 1.000015 0.000000 0.000000 0.000000 1.000007 30170.dat
1 14 -73.712080 -81.217800 12.106900 0.991565 0.048984 0.119998 0.048985 0.715549 -0.696858 -0.119999 0.696854 0.707110 3820.dat
1 14 -26.344480 -81.257300 11.606900 0.991468 -0.049255 -0.120682 -0.049256 0.715646 -0.696740 0.120683 0.696736 0.707110 3820.dat
1 19 -49.985640 -47.000160 -6.393170 -1.000000 0.000000 0.000000 0.000000 1.000007 0.000000 0.000000 0.000000 -1.000007 4871.dat
1 0 -49.985640 -39.000130 -6.393170 -1.000000 0.000000 0.000000 0.000000 1.000007 0.000000 0.000000 0.000000 -1.000007 3022.dat
1 7 -49.985640 -47.000160 -6.393170 -1.000000 0.000000 0.000000 0.000000 1.000007 0.000000 0.000000 0.000000 -1.000007 3034.dat
1 19 -49.985640 -55.000330 13.606940 0.000000 0.000000 -1.000000 0.000000 1.000007 0.000000 1.000007 0.000000 0.000000 3795.dat
1 0 -49.985660 -63.000360 53.607160 -1.000000 0.000000 0.000000 0.000000 1.000007 0.000000 0.000000 0.000000 -1.000007 4859.dat
1 19 -19.985650 -63.000360 -16.393260 0.000000 0.000000 -1.000000 0.000000 1.000007 0.000000 1.000007 0.000000 0.000000 2420.dat
1 19 -79.985640 -63.000360 -16.393280 1.000000 0.000000 0.000000 0.000000 1.000007 0.000000 0.000000 0.000000 1.000007 2420.dat
1 0 -49.985640 -71.000540 -26.393290 0.000000 0.000000 1.000000 0.000000 1.000007 0.000000 -1.000007 0.000000 0.000000 4488.dat
1 7 -49.985640 -66.000210 -53.393510 -1.000000 0.000000 0.000000 0.000000 0.000000 1.000007 0.000000 1.000007 0.000000 2421.dat
1 7 -49.985660 -71.000540 63.607380 1.000000 0.000000 0.000000 0.000000 1.000007 0.000000 0.000000 0.000000 1.000007 2419.dat
1 47 -49.985640 -95.000560 -16.393280 -1.000000 0.000000 0.000000 0.000000 1.000007 0.000000 0.000000 0.000000 -1.000007 4865a.dat
1 7 -49.985640 -23.000020 -6.393170 -1.000000 0.000000 0.000000 0.000000 1.000007 0.000000 0.000000 0.000000 -1.000007 4600.dat
1 7 -19.985650 -18.000000 -6.393160 0.000000 0.000000 -1.000000 0.000000 1.000007 0.000000 1.000007 0.000000 0.000000 4624c01.dat
1 7 -79.985660 -18.000000 -6.393170 0.000000 0.000000 1.000000 0.000000 1.000007 0.000000 -1.000007 0.000000 0.000000 4624c01.dat
