0 3055 Adventurers Car
0 SetNumber: 3055
0 Name: Adventurers Car
0 Author: Kristopher Wilson
0 NumOfBricks: 27
1 8 20.000140 -22.294990 -0.000060 0.000000 0.000000 -1.000000 0.000004 1.000000 0.000000 0.999997 0.000001 0.000000 3795.dat
1 0 20.000140 -30.294820 39.999820 1.000000 0.000000 0.000000 0.000000 1.000000 0.000004 0.000000 0.000001 0.999997 4600.dat
1 0 20.000140 -30.295160 -39.999980 1.000000 0.000000 0.000000 0.000000 1.000000 0.000004 0.000000 0.000001 0.999997 4600.dat
1 19 20.000140 -30.294950 9.999900 1.000000 0.000000 0.000000 0.000000 1.000000 0.000004 0.000000 0.000001 0.999997 3023.dat
1 7 20.000140 -54.294780 49.999800 -1.000000 0.000000 0.000000 0.000000 1.000000 -0.000004 0.000000 0.000001 -0.999997 4865a.dat
1 7 20.000140 -30.295040 -10.000050 1.000000 0.000000 0.000000 0.000000 1.000000 0.000004 0.000000 0.000001 0.999997 3829c01.dat
1 7 20.000140 -54.295120 -30.000020 1.000000 0.000000 0.000000 0.000000 1.000000 0.000004 0.000000 0.000001 0.999997 3004.dat
1 19 20.000140 -83.294820 27.999750 1.000000 0.000000 0.000000 0.000000 1.000000 0.000004 0.000001 0.000001 0.999997 973pa3.dat
1 19 4.425510 -74.387660 27.999750 0.985495 -0.169703 0.000000 0.169703 0.985495 0.000004 0.000001 0.000001 0.999997 3818.dat
1 19 35.471910 -74.419140 27.999770 0.985328 0.170671 0.000000 -0.170671 0.985328 0.000004 0.000000 0.000001 0.999997 3819.dat
1 14 20.000140 -107.294800 27.999710 1.000000 0.000000 0.000000 0.000000 1.000000 0.000004 0.000000 0.000001 0.999997 3626bpa3.dat
1 6 20.000140 -107.294800 27.999710 -1.000000 0.000000 0.000000 0.000000 1.000000 -0.000004 0.000000 0.000001 -0.999997 30167.dat
1 14 -3.726340 -56.511860 18.499780 0.991565 0.048984 0.119998 0.048983 0.715545 -0.696848 -0.119998 0.696850 0.707104 3820.dat
1 14 43.641300 -56.551360 17.999810 0.991469 -0.049255 -0.120683 -0.049254 0.715641 -0.696729 0.120682 0.696732 0.707104 3820.dat
1 7 50.000110 -25.295170 -39.999960 0.000000 0.000000 -1.000000 0.000004 1.000000 0.000000 0.999997 0.000001 0.000000 4624.dat
1 7 50.000120 -25.294820 39.999820 0.000000 0.000000 -1.000000 0.000004 1.000000 0.000000 0.999997 0.000001 0.000000 4624.dat
1 7 -9.999889 -25.295160 -39.999980 0.000000 0.000000 1.000000 -0.000004 1.000000 0.000000 -0.999997 0.000001 0.000000 4624.dat
1 7 -9.999880 -25.294820 39.999810 0.000000 0.000000 1.000000 -0.000004 1.000000 0.000000 -0.999997 0.000001 0.000000 4624.dat
1 0 -9.999880 -25.294820 39.999810 0.000000 0.000000 -1.000000 0.782043 0.623225 0.000000 0.623228 -0.782037 0.000000 3641.dat
1 0 50.000120 -25.294820 39.999820 0.000000 0.000000 -1.000000 0.623225 -0.782043 0.000000 -0.782037 -0.623228 0.000000 3641.dat
1 0 50.000000 -25.295150 -40.000000 0.000000 0.000000 -1.000000 0.623228 -0.782040 0.000000 -0.782040 -0.623228 0.000000 3641.dat
1 0 -9.999889 -25.295160 -39.999980 0.000000 0.000000 -1.000000 0.782043 0.623225 0.000000 0.623228 -0.782037 0.000000 3641.dat
1 7 20.000140 -78.295180 -50.000000 1.000000 0.000000 0.000000 0.000000 1.000000 0.000004 0.000000 0.000001 0.999997 30147.dat
1 0 20.000140 -78.295120 -30.000060 0.000000 0.000000 -1.000000 0.000004 1.000000 0.000000 0.999997 0.000001 0.000000 3044b.dat
1 0 20.000140 -51.294820 27.999790 1.000000 0.000000 -0.000001 0.000000 1.000000 0.000002 0.000001 -0.000002 1.000000 3815.dat
1 0 20.000160 -39.294820 27.999750 1.000000 0.000000 0.000000 0.000000 -0.000001 1.000000 0.000000 -1.000000 -0.000001 3816.dat
1 0 20.000140 -39.294820 27.999750 1.000000 0.000000 0.000000 0.000000 -0.000001 1.000000 0.000000 -1.000000 -0.000001 3817.dat
