0 3055 Adventurers Car
0 SetNumber: 3055
0 Name: Adventurers Car
0 Author: Kristopher Wilson
0 NumOfBricks: 27
0 _stepReady: true
0 FlexibleBrickControlPointUnitLength -1
0 FlexibleBrickLockedControlPoint 
1 8 0.000000 -14.999980 -10.000000 0.000000 0.000000 -1.000000 -0.000001 1.000000 0.000000 1.000000 0.000001 0.000000 3795.dat
0 STEP
1 0 0.000000 -23.000010 30.000010 1.000000 0.000000 0.000000 0.000000 1.000000 -0.000001 0.000000 0.000001 1.000000 4600.dat
1 0 0.000010 -22.999950 -50.000040 1.000000 0.000000 0.000000 0.000000 1.000000 -0.000001 0.000000 0.000001 1.000000 4600.dat
1 19 0.000000 -22.999990 0.000000 1.000000 0.000000 0.000000 0.000000 1.000000 -0.000001 0.000000 0.000001 1.000000 3023.dat
0 STEP
1 7 0.000000 -47.000020 40.000020 -1.000000 0.000000 0.000000 0.000000 1.000000 0.000001 0.000000 0.000001 -1.000000 4865a.dat
1 7 0.000000 -22.999980 -20.000020 1.000000 0.000000 0.000000 0.000000 1.000000 -0.000001 0.000000 0.000001 1.000000 3829c01.dat
1 7 0.000010 -46.999960 -40.000050 1.000000 0.000000 0.000000 0.000000 1.000000 -0.000001 0.000000 0.000001 1.000000 3004.dat
0 STEP
1 7 29.999990 -17.999960 -50.000020 0.000000 0.000000 -1.000000 -0.000001 1.000000 0.000000 1.000000 0.000001 0.000000 4624.dat
1 7 29.999980 -18.000010 30.000010 0.000000 0.000000 -1.000000 -0.000001 1.000000 0.000000 1.000000 0.000001 0.000000 4624.dat
1 7 -30.000030 -17.999950 -50.000040 0.000000 0.000000 1.000000 -0.999997 0.000010 0.000000 0.000000 -1.000003 0.000000 4624.dat
1 7 -30.000030 -18.000010 29.999990 0.000000 0.000000 1.000000 0.000001 1.000000 0.000000 -1.000000 0.000001 0.000000 4624.dat
0 STEP
1 0 -30.000030 -18.000010 29.999990 -0.000039 0.000000 1.000000 0.000005 1.000000 0.000000 -1.000003 0.000000 -0.000039 3641.dat
1 0 29.999980 -18.000010 30.000020 0.000000 0.000038 -1.000000 -0.999996 -0.000005 0.000000 -0.000001 1.000005 0.000038 3641.dat
1 0 29.999880 -17.999950 -50.000060 0.000000 0.000039 -1.000000 -1.000000 -0.000006 0.000000 -0.000001 1.000003 0.000039 3641.dat
1 0 -30.000030 -17.999940 -50.000040 0.000000 0.000042 -1.000000 -1.000002 -0.000007 0.000000 0.000000 0.999999 0.000042 3641.dat
0 STEP
1 7 0.000010 -70.999920 -60.000100 1.000000 0.000000 0.000000 0.000000 1.000000 -0.000001 0.000000 0.000001 1.000000 30147.dat
1 0 0.000010 -70.999960 -40.000090 0.000000 0.000000 -1.000000 -0.000001 1.000000 0.000000 1.000000 0.000001 0.000000 3044b.dat
0 STEP
0 STEP
1 0 0.000000 -43.999950 17.999940 1.000000 0.000000 -0.000001 0.000000 1.000000 -0.000003 0.000001 -0.000002 1.000003 3815.dat
1 0 0.000020 -31.999950 17.999900 1.000000 0.000000 0.000000 0.000000 0.000004 1.000000 0.000000 -1.000003 -0.000001 3816.dat
1 0 0.000000 -31.999950 17.999900 1.000000 0.000000 0.000000 0.000000 0.000004 1.000000 0.000000 -1.000003 -0.000001 3817.dat
1 19 0.000000 -75.999960 17.999900 1.000000 0.000000 0.000000 0.000000 1.000000 -0.000001 0.000001 0.000001 1.000000 973pa3.dat
1 19 -15.574630 -67.092790 17.999900 0.985495 -0.169703 0.000000 0.169703 0.985495 -0.000001 0.000001 0.000001 1.000000 3818.dat
1 19 15.471780 -67.124280 17.999920 0.985328 0.170671 0.000000 -0.170671 0.985328 -0.000001 0.000000 0.000001 1.000000 3819.dat
1 14 0.000000 -99.999920 17.999860 1.000000 0.000000 0.000000 0.000000 1.000000 -0.000001 0.000000 0.000001 1.000000 3626bpa3.dat
1 6 0.000000 -99.999920 17.999860 -1.000000 0.000000 0.000000 0.000000 1.000000 0.000001 0.000000 0.000001 -1.000000 30167.dat
1 14 -23.726480 -49.216940 8.499900 0.991565 0.048984 0.119998 0.048984 0.715542 -0.696852 -0.119998 0.696852 0.707106 3820.dat
1 14 23.641180 -49.256440 7.999930 0.991469 -0.049255 -0.120683 -0.049255 0.715638 -0.696733 0.120683 0.696734 0.707106 3820.dat
