0 FILE 0 5920 Island Racer
0 5920 Island Racer
0 SetNumber: 2542
0 Name: Island Racer
0 ReleaseYear: 2000
0 Theme: Adventurers
0 Author: Kristopher Wilson
0 NumOfBricks: 56 
0 CustomBrick
0 FlexibleBrickControlPointUnitLength -1
0 FlexibleBrickLockedControlPoint
0 _stepReady: true
1 4 59.955000 -17.000010 -9.066010 0.000000 0.000000 -1.000000 0.000000 1.000000 0.000000 1.000000 0.000000 0.000000 3029.dat
0 STEP
1 7 59.954980 -41.000010 -89.065990 1.000000 0.000000 0.000000 0.000000 1.000000 0.000000 0.000000 0.000000 1.000000 6249.dat
1 7 59.955000 -41.000010 70.933980 1.000000 0.000000 0.000000 0.000000 1.000000 0.000000 0.000000 0.000000 1.000000 6249.dat
0 STEP
1 7 109.955000 -31.000010 70.933980 0.000000 0.000000 1.000000 0.000000 -1.000000 0.000000 1.000000 0.000000 0.000000 30155.dat
1 0 109.955000 -31.000010 70.933980 0.000000 0.000000 -1.000000 0.000000 1.000000 0.000000 1.000000 0.000000 0.000000 3483.dat
1 7 9.955009 -31.000010 70.933990 0.000000 0.000000 -1.000000 0.000000 -1.000000 0.000000 -1.000000 0.000000 0.000000 30155.dat
1 7 109.955000 -31.000010 -89.066010 0.000000 0.000000 1.000000 0.000000 -1.000000 0.000000 1.000000 0.000000 0.000000 30155.dat
1 0 109.955000 -31.000010 -89.066010 0.000000 0.000000 -1.000000 0.000000 1.000000 0.000000 1.000000 0.000000 0.000000 3483.dat
1 7 9.955000 -31.000000 -89.066010 0.000000 0.000000 -1.000000 0.000000 -1.000000 0.000000 -1.000000 0.000000 0.000000 30155.dat
1 0 9.955009 -31.000000 -89.066010 0.000000 0.000000 1.000000 0.000000 1.000000 0.000000 -1.000000 0.000000 0.000000 3483.dat
1 0 9.955009 -31.000010 70.933990 0.000000 0.000000 1.000000 0.000000 1.000000 0.000000 -1.000000 0.000000 0.000000 3483.dat
0 STEP
1 7 59.954980 -25.000010 -119.066000 1.000000 0.000000 0.000000 0.000000 1.000000 0.000000 0.000000 0.000000 1.000000 2540.dat
1 8 69.955000 -41.000010 100.934000 0.000000 0.000000 -1.000000 0.000000 1.000000 0.000000 1.000000 0.000000 0.000000 3665.dat
1 8 49.955000 -41.000010 100.934000 0.000000 0.000000 1.000000 0.000000 1.000000 0.000000 -1.000000 0.000000 0.000000 3665.dat
1 0 49.955000 -41.000010 -59.066000 0.000000 0.000000 1.000000 0.000000 1.000000 0.000000 -1.000000 0.000000 0.000000 4070.dat
1 0 49.955020 -41.000010 -39.066010 0.000000 0.000000 1.000000 0.000000 1.000000 0.000000 -1.000000 0.000000 0.000000 4070.dat
1 0 69.955000 -41.000010 -59.066000 0.000000 0.000000 -1.000000 0.000000 1.000000 0.000000 1.000000 0.000000 0.000000 4070.dat
1 0 69.955000 -41.000010 -39.066010 0.000000 0.000000 -1.000000 0.000000 1.000000 0.000000 1.000000 0.000000 0.000000 4070.dat
1 8 59.955000 -41.000010 10.933990 0.000000 0.000000 -1.000000 0.000000 1.000000 0.000000 1.000000 0.000000 0.000000 4854.dat
0 STEP
1 7 26.945000 -27.000010 -59.066000 0.000000 0.000000 1.000000 0.000000 -1.000000 0.000000 1.000000 0.000000 0.000000 4599a.dat
1 7 27.025000 -27.000010 -39.066010 0.000000 0.000000 1.000000 0.000000 -1.000000 0.000000 1.000000 0.000000 0.000000 4599a.dat
1 7 92.084980 -27.000010 -59.066010 0.000000 0.000000 -1.000000 0.000000 -1.000000 0.000000 -1.000000 0.000000 0.000000 4599a.dat
1 7 92.084980 -27.000010 -39.066010 0.000000 0.000000 -1.000000 0.000000 -1.000000 0.000000 -1.000000 0.000000 0.000000 4599a.dat
0 STEP
1 4 49.955000 -57.000020 100.934100 -1.000000 0.000000 0.000000 0.000000 1.000000 0.000000 0.000000 0.000000 -1.000000 6091.dat
1 4 69.955000 -57.000020 100.934000 -1.000000 0.000000 0.000000 0.000000 1.000000 0.000000 0.000000 0.000000 -1.000000 6091.dat
1 4 29.955000 -49.000020 50.933990 0.000000 0.000000 -1.000000 0.000000 1.000000 0.000000 1.000000 0.000000 0.000000 3666.dat
1 4 89.954990 -49.000020 50.933990 0.000000 0.000000 -1.000000 0.000000 1.000000 0.000000 1.000000 0.000000 0.000000 3666.dat
0 STEP
1 8 59.954980 -49.000020 -69.066010 0.000000 0.000000 -1.000000 0.000000 1.000000 0.000000 1.000000 0.000000 0.000000 3020.dat
1 8 59.954960 -81.000010 -119.066000 1.000000 0.000000 0.000000 0.000000 1.000000 0.000000 0.000000 0.000000 1.000000 30147.dat
1 8 59.954980 -81.000010 100.934000 -1.000000 0.000000 0.000000 0.000000 1.000000 0.000000 0.000000 0.000000 -1.000000 2432.dat
1 4 59.955000 -97.000010 70.933980 1.000000 0.000000 0.000000 0.000000 1.000000 0.000000 0.000000 0.000000 1.000000 6216.dat
0 STEP
1 14 59.955000 -49.000020 -19.066010 1.000000 0.000000 0.000000 0.000000 1.000000 0.000000 0.000000 0.000000 1.000000 3004.dat
1 15 59.954990 -33.000010 0.933990 1.000000 0.000000 0.000000 0.000000 1.000000 0.000000 0.000000 0.000000 1.000000 3829c01.dat
1 0 59.954960 -33.000010 -119.066000 1.000000 0.000000 0.000000 0.000000 1.000000 0.000000 0.000000 0.000000 1.000000 3023.dat
0 STEP
1 4 49.955000 -73.000010 -19.066010 0.000000 0.000000 1.000000 0.000000 1.000000 0.000000 -1.000000 0.000000 0.000000 6091.dat
1 4 69.955000 -73.000010 -19.066010 0.000000 0.000000 -1.000000 0.000000 1.000000 0.000000 1.000000 0.000000 0.000000 6091.dat
0 STEP
1 47 29.954960 -55.000020 -129.066000 1.000000 0.000000 0.000000 0.000000 0.000000 1.000000 0.000000 -1.000000 0.000000 6141.dat
1 47 89.954970 -55.000020 -129.066000 1.000000 0.000000 0.000000 0.000000 0.000000 1.000000 0.000000 -1.000000 0.000000 6141.dat
0 STEP
1 0 59.955000 -57.000020 -19.066010 1.000000 0.000000 0.000000 0.000000 1.000000 0.000000 0.000000 0.000000 1.000000 3023.dat
1 0 59.954980 -57.000020 -69.066010 0.000000 0.000000 -1.000000 0.000000 1.000000 0.000000 1.000000 0.000000 0.000000 3020.dat
0 STEP
1 47 59.955000 -89.000010 -19.066010 1.000000 0.000000 0.000000 0.000000 1.000000 0.000000 0.000000 0.000000 1.000000 4865a.dat
1 8 59.954980 -81.000010 -89.065990 0.000000 0.000000 -1.000000 0.000000 1.000000 0.000000 1.000000 0.000000 0.000000 30165.dat
1 8 59.954980 -81.000010 -49.066000 0.000000 0.000000 -1.000000 0.000000 1.000000 0.000000 1.000000 0.000000 0.000000 30165.dat
0 STEP
1 7 59.955040 -45.954120 37.887500 1.000000 0.000000 0.000000 0.000000 0.996195 -0.087150 0.000000 0.087150 0.996195 3815.dat
1 19 59.955040 -77.832210 35.098700 1.000000 0.000000 0.000000 0.000000 0.996190 -0.087150 0.000000 0.087150 0.996193 973pa7.dat
1 19 44.380370 -68.959060 35.874980 0.985496 -0.075057 -0.152202 0.169056 0.512374 0.841950 0.014790 -0.855471 0.517634 3818.dat
1 19 75.426830 -68.990390 35.872180 0.985329 0.109706 0.130741 -0.170020 0.697706 0.695908 -0.014874 -0.707929 0.706123 3819.dat
1 8 81.130520 -63.543140 15.285880 0.000640 0.999890 0.014875 -0.999995 0.000659 -0.001271 -0.001280 -0.014874 0.999887 2531.dat
1 0 39.472750 -68.067750 14.629390 0.901172 0.430015 -0.054550 -0.407274 0.883069 0.233046 0.148386 -0.187797 0.970932 3820.dat
1 14 59.955030 -106.940900 32.552280 1.000000 0.000000 0.000000 0.000000 0.996190 -0.087150 0.000000 0.087150 0.996193 3626bpa7.dat
1 15 59.955040 -80.820820 34.837280 1.000000 0.000000 0.000000 0.000000 0.996190 -0.087150 0.000000 0.087150 0.996193 2526.dat
1 7 59.955040 -33.999780 38.933300 1.000000 0.000000 0.000000 0.000000 0.000000 1.000000 0.000000 -1.000000 0.000000 3816.dat
1 7 59.955040 -33.999780 38.933300 1.000000 0.000000 0.000000 0.000000 0.000000 1.000000 0.000000 -1.000000 0.000000 3817.dat
0 STEP
1 7 59.955200 -106.941100 32.551980 0.999997 0.000000 0.000000 0.000000 0.996190 -0.087150 0.000000 0.087151 0.996189 30171.dat
1 8 59.954980 -98.971320 33.249390 1.000000 0.000000 0.000000 0.000000 0.996190 -0.087150 0.000000 0.087150 0.996193 30170.dat
0 STEP
1 8 40.190280 -70.016860 4.921860 0.903425 0.403057 -0.146181 -0.407330 0.913278 0.000783 0.133820 0.058837 0.989256 30132.dat
0 STEP
